# Queens Game Puzzles
# Converted from TypeScript format to numbered regions
# Format: size, then grid with numbers representing color regions

459

# level 1
8
1 1 2 2 2 3 3 3
1 4 2 4 2 5 3 3
1 4 2 4 2 3 3 3
1 4 4 4 2 6 7 3
1 4 4 4 2 6 7 7
1 4 8 4 2 6 7 7
8 4 8 4 2 6 6 7
8 8 8 8 7 7 7 7

# level 2
9
1 1 1 1 1 1 2 2 2
1 1 1 1 1 1 1 1 3
1 4 4 4 5 1 1 1 3
1 1 1 1 5 1 1 1 3
1 1 1 1 5 1 1 1 1
1 1 1 1 1 6 6 6 1
1 1 1 1 1 1 7 7 7
1 1 8 8 8 1 1 1 1
1 9 9 9 1 1 1 1 1

# level 3
8
1 2 2 2 3 2 2 4
1 1 1 2 3 3 2 4
2 2 2 2 2 3 2 4
5 5 5 2 2 2 2 4
5 2 2 2 2 2 2 2
2 2 2 2 6 2 2 7
8 8 2 6 6 2 7 7
8 8 2 6 2 2 2 7

# level 5
11
1 2 2 2 3 3 3 3 3 3 3
1 4 4 2 2 2 3 3 3 3 3
1 4 4 2 2 3 3 3 3 3 3
1 1 1 1 3 3 3 5 5 5 5
1 6 6 7 8 8 3 3 3 5 5
1 6 6 7 8 8 8 8 8 8 5
1 6 6 7 8 8 8 8 8 8 5
1 6 6 7 8 8 9 10 8 8 5
1 6 6 7 8 8 9 10 8 8 9
11 6 6 7 8 8 9 10 8 8 9
11 11 11 7 7 9 9 9 9 9 9

# level 6
7
1 1 1 1 1 1 1
1 2 2 2 2 2 2
2 2 2 3 2 2 2
2 4 2 3 2 5 2
2 4 6 6 6 5 2
2 6 6 6 6 6 7
2 2 2 7 7 7 7

# level 8
8
1 1 2 2 2 2 3 3
1 2 2 4 4 2 2 3
1 2 4 4 4 4 2 3
5 2 4 4 6 4 2 3
5 2 2 4 6 6 2 3
5 5 2 2 2 6 6 3
5 5 5 5 5 7 6 8
5 5 5 7 7 7 8 8

# level1 0
10
1 1 1 1 2 2 2 2 2 3
1 4 4 4 4 4 4 4 4 3
5 5 5 4 6 6 6 6 4 3
4 4 5 5 6 4 4 7 4 3
4 4 4 4 4 4 7 7 4 3
4 4 8 8 4 7 7 4 4 9
4 4 8 4 4 10 4 4 4 9
4 4 8 4 4 10 4 4 4 9
4 4 8 10 10 10 4 4 9 9
4 4 4 4 4 4 4 4 4 4

# level1 1
10
1 1 2 2 3 3 3 3 3 3
1 1 1 2 2 4 4 3 3 3
3 3 1 2 2 5 4 4 3 3
3 6 6 5 5 5 4 4 3 3
3 6 6 5 5 7 7 3 3 3
3 8 6 6 7 7 9 9 3 3
3 8 8 8 7 7 10 9 9 3
3 3 8 8 10 10 10 9 9 3
3 3 3 3 10 10 3 3 3 3
3 3 3 3 3 3 3 3 3 3

# level1 2
9
1 1 2 2 3 3 4 4 4
5 1 1 2 2 3 3 4 4
5 5 1 1 2 2 3 3 4
6 5 5 1 1 2 2 3 3
6 6 5 5 1 1 2 2 3
7 6 6 5 5 1 1 2 2
7 7 6 6 5 5 1 1 2
8 7 7 6 6 5 9 1 1
8 8 7 7 6 6 9 9 1

# level1 5
8
1 1 1 1 1 2 1 1
1 1 1 1 2 2 2 1
3 1 1 4 5 5 5 1
3 3 1 4 4 5 1 1
3 1 1 4 1 1 1 6
1 1 7 7 7 1 6 6
1 1 1 7 1 1 8 6
1 1 1 1 1 8 8 8

# level1 6
9
1 2 3 3 3 3 4 4 4
1 2 3 2 2 2 2 2 4
1 2 3 2 5 5 5 2 4
1 2 6 2 5 2 5 2 4
7 2 6 2 5 2 8 2 4
7 2 6 2 2 2 8 2 4
7 2 6 6 8 8 8 2 9
7 2 2 2 2 2 2 2 9
7 7 7 9 9 9 9 9 9

# level1 7
9
1 2 2 2 2 2 3 3 3
1 2 2 2 4 2 2 2 3
1 2 2 5 4 4 3 3 3
1 2 5 5 6 4 7 3 3
1 5 5 6 6 6 7 7 3
1 1 5 8 6 7 7 9 3
1 1 1 8 8 8 9 9 3
1 1 9 9 8 9 9 3 3
9 9 9 9 9 9 3 3 3

# level2 1
9
1 1 1 1 1 1 1 2 2
1 1 1 3 3 4 4 2 2
1 1 1 3 3 4 4 1 1
1 1 1 1 5 5 1 1 1
1 1 6 6 5 5 1 1 1
1 1 6 6 1 1 7 7 1
1 8 8 9 9 1 7 7 1
1 8 8 9 9 1 1 1 1
1 1 1 1 1 1 1 1 1

# level2 2
8
1 1 1 1 1 1 1 1
1 1 2 2 2 3 1 1
1 1 2 3 2 3 1 1
4 4 3 3 3 3 5 5
4 6 6 3 3 7 7 5
4 4 6 3 3 3 7 5
8 6 6 8 3 7 7 5
8 8 8 8 3 3 5 5

# level2 3
9
1 1 1 1 1 2 2 2 2
1 3 1 1 1 4 4 4 2
1 3 5 1 6 4 4 2 2
1 3 5 5 6 4 2 2 2
7 7 6 6 6 6 6 2 7
7 7 7 8 6 9 9 9 7
7 7 8 8 6 7 9 9 7
7 8 8 8 7 7 7 9 7
7 7 7 7 7 7 7 7 7

# level2 4
9
1 1 1 1 1 1 1 1 1
1 2 2 2 1 3 3 3 1
1 2 2 2 1 3 3 3 4
1 2 2 5 1 1 3 3 4
1 5 5 5 5 1 1 6 6
1 7 7 5 5 5 8 8 6
1 7 7 7 5 8 8 8 6
1 7 7 7 6 8 8 8 6
1 9 9 6 6 6 6 6 6

# level2 5
10
1 1 1 1 2 3 3 3 3 3
4 5 6 6 2 7 3 8 8 8
4 5 6 6 2 7 3 3 7 8
4 5 6 6 2 7 7 7 7 8
4 4 6 6 2 4 8 8 7 8
4 4 6 6 2 4 9 8 8 8
4 4 6 6 4 4 9 9 8 9
4 4 4 4 4 9 9 9 8 9
10 10 10 4 4 9 9 9 8 9
10 10 10 4 4 9 9 9 9 9

# level2 6
9
1 1 1 1 1 2 2 2 2
1 1 3 1 4 2 2 5 2
1 3 3 3 4 4 5 5 5
1 1 3 1 4 4 1 5 1
6 1 1 1 1 1 1 1 1
6 6 7 1 8 1 1 9 1
6 7 7 7 8 8 9 9 9
6 6 7 6 8 6 6 9 6
6 6 6 6 6 6 6 6 6

# level2 7
8
1 1 2 2 1 1 1 1
3 1 2 2 4 4 4 1
3 1 2 2 4 4 4 1
3 1 1 1 1 1 5 1
6 6 7 7 7 1 5 1
6 6 1 1 1 1 5 1
6 6 1 1 1 1 1 1
8 8 8 1 1 1 1 1

# level2 8
9
1 1 1 2 2 1 3 3 4
1 5 5 5 2 1 3 4 4
1 5 2 2 2 1 3 3 3
1 5 5 1 1 1 6 6 6
1 1 1 1 1 1 6 1 6
1 1 1 1 7 1 1 1 6
8 8 8 1 7 1 7 1 1
8 9 9 1 7 7 7 1 1
8 8 9 1 1 1 1 1 1

# level2 9
10
1 1 1 1 1 1 1 1 2 2
1 1 1 1 1 3 3 4 4 2
1 1 1 1 5 5 3 4 2 2
1 6 6 1 5 3 3 4 4 2
1 6 1 1 5 5 3 4 7 7
1 6 6 8 5 8 1 1 1 7
1 6 1 8 8 8 8 1 7 7
1 1 1 1 1 1 1 1 1 7
1 9 1 9 1 1 1 10 1 10
9 9 9 9 1 1 10 10 10 10

# level3 0
9
1 1 1 2 2 2 2 2 2
1 3 1 4 4 2 4 4 2
1 3 3 4 4 4 4 4 2
5 5 5 6 7 6 4 4 2
5 5 5 6 7 6 2 2 2
5 5 5 6 6 6 2 2 2
5 5 5 5 5 5 8 8 9
5 5 5 5 5 5 9 8 9
5 5 5 5 5 5 9 9 9

# level3 1
9
1 1 1 1 1 1 1 1 1
1 2 2 2 2 2 2 2 1
1 2 3 3 3 4 4 2 1
1 2 3 5 5 5 4 2 1
1 2 3 5 5 5 4 2 1
1 2 6 5 5 5 6 2 1
1 7 6 6 6 6 6 2 8
1 7 7 7 7 7 2 2 8
1 1 1 1 9 9 9 8 8

# level3 2
11
1 1 2 3 4 4 4 5 6 5 4
1 1 2 3 3 4 4 5 6 5 4
2 1 2 3 7 7 4 5 6 5 4
2 1 2 3 7 7 4 5 5 5 4
2 2 2 3 7 7 4 4 5 4 4
3 3 3 3 7 4 4 4 4 4 4
3 8 7 7 7 7 7 4 9 9 9
3 8 8 8 7 4 4 4 9 10 10
3 8 11 8 7 4 4 4 9 9 10
3 8 11 8 7 4 4 4 9 10 10
3 8 11 8 7 7 4 4 9 9 9

# level3 3
10
1 1 1 2 2 2 2 3 3 3
1 1 4 2 5 5 6 6 3 3
1 4 4 4 5 5 6 6 6 3
7 7 4 5 5 5 5 6 6 6
7 5 5 5 5 5 5 5 5 6
7 7 5 5 5 5 5 5 8 6
7 9 9 5 5 5 5 8 8 8
7 9 5 5 9 9 5 5 8 8
7 9 5 9 9 10 10 5 10 8
9 9 9 9 10 10 10 10 10 8

# level3 4
8
1 1 2 2 2 2 2 2
1 1 1 1 1 1 1 2
3 3 3 3 3 3 1 1
3 4 4 4 4 4 4 5
4 4 5 5 5 5 5 5
4 5 5 6 6 6 6 6
6 6 6 6 6 7 7 7
6 7 7 7 7 7 8 8

# level3 5
8
1 1 1 1 1 1 1 1
1 1 1 2 1 1 1 1
1 1 2 2 2 3 1 4
1 1 5 2 3 3 3 4
1 5 5 5 6 3 4 4
1 1 5 6 6 6 7 4
1 8 8 8 6 7 7 4
1 1 1 8 8 8 4 4

# level3 6
9
1 1 1 1 2 2 2 2 3
1 1 1 2 2 4 4 5 3
1 1 3 2 2 5 4 5 3
1 3 3 2 5 5 5 5 3
3 3 3 6 5 5 3 3 3
3 7 8 6 6 3 3 3 9
3 7 8 8 3 3 3 9 9
3 7 7 8 3 3 9 9 9
3 3 3 3 3 9 9 9 9

# level3 7
10
1 2 2 3 4 4 4 4 2 2
1 2 2 3 3 2 4 2 2 5
1 1 2 3 2 2 2 2 5 5
1 2 2 3 2 2 2 2 2 5
2 2 2 2 2 2 2 2 6 5
7 7 7 7 2 2 6 6 6 6
8 7 2 2 2 2 2 2 2 2
8 8 2 2 2 2 9 9 9 9
8 2 2 10 2 2 2 2 9 2
8 10 10 10 10 2 2 2 2 2

# level3 8
9
1 1 2 2 2 2 3 3 3
4 1 2 2 2 2 2 2 3
4 1 2 5 5 5 2 2 2
4 1 2 2 2 5 2 2 2
1 1 1 5 5 5 6 6 6
7 7 7 5 8 8 8 8 6
7 9 9 5 5 5 8 6 6
7 9 9 9 9 9 9 9 6
7 9 9 9 9 9 6 6 6

# level3 9
11
1 1 1 2 2 3 3 3 3 3 3
4 4 1 1 2 3 3 3 3 3 3
5 4 6 6 2 3 3 3 3 3 3
5 4 4 6 2 3 3 3 3 3 3
5 5 5 6 6 3 3 3 3 3 3
3 3 3 3 3 3 3 3 3 3 3
3 3 3 3 3 3 7 8 8 8 8
3 3 3 3 3 3 7 7 7 8 9
3 3 3 3 3 3 10 11 7 11 9
3 3 3 3 3 3 10 11 11 11 9
3 3 3 3 3 3 10 10 10 9 9

# level4 0
10
1 1 1 2 2 2 2 2 2 2
2 1 2 2 2 2 2 2 2 2
2 2 2 3 4 2 2 2 2 2
2 2 3 3 4 4 2 2 5 2
2 2 2 3 4 2 6 2 5 5
2 2 2 2 2 2 6 6 5 7
2 2 2 2 2 2 6 8 7 7
2 2 2 2 9 2 8 8 8 7
2 2 10 9 9 2 2 2 2 2
2 10 10 10 9 2 2 2 2 2

# level4 1
9
1 1 1 1 1 1 1 1 2
1 1 3 3 1 1 2 2 2
1 4 4 3 1 5 5 5 1
1 1 4 3 1 1 1 5 1
1 1 4 1 1 1 1 1 1
1 1 1 1 1 6 1 1 7
1 8 8 8 1 6 7 7 7
9 8 1 1 1 6 6 1 1
9 9 9 1 1 1 1 1 1

# level4 2
8
1 1 1 1 1 2 2 2
1 1 1 3 4 4 2 2
1 1 3 3 4 4 4 2
1 3 3 5 5 4 4 2
1 6 6 5 5 7 7 2
1 1 6 6 7 7 2 2
1 1 1 6 7 2 2 8
1 1 8 8 8 8 8 8

# level4 3
8
1 1 1 1 1 2 3 3
3 3 3 2 2 2 2 3
3 4 4 4 5 5 3 3
3 4 6 7 7 5 5 3
3 4 6 7 7 7 5 3
3 3 6 6 8 8 8 3
3 3 3 6 8 3 8 3
3 3 3 3 3 3 3 3

# level4 4
8
1 1 1 1 1 2 2 2
1 1 3 3 3 4 2 2
1 3 3 5 5 4 4 2
1 3 5 5 5 5 6 2
1 3 5 5 5 5 6 7
1 3 8 5 5 6 6 7
1 1 8 8 6 6 7 7
1 1 1 1 1 7 7 7

# level4 5
8
1 1 2 2 2 1 1 1
3 1 1 1 1 1 4 1
3 3 1 1 1 4 4 1
1 1 1 5 1 1 1 1
6 1 5 5 1 1 1 7
6 1 1 1 1 1 7 7
6 1 1 8 8 1 1 1
1 1 1 8 1 1 1 1

# level4 6
8
1 1 1 1 1 1 2 2
1 1 1 1 3 2 2 4
1 5 5 1 3 3 4 4
5 5 6 1 1 3 4 1
1 6 6 1 1 1 1 1
1 6 7 7 1 1 1 1
1 7 7 1 1 8 8 1
1 1 1 1 1 1 8 8

# level4 7
10
1 1 1 1 1 1 1 1 1 1
1 1 1 1 2 2 1 1 1 1
1 3 3 1 2 2 1 4 4 1
1 3 3 5 5 1 1 4 4 1
1 6 6 5 5 1 7 7 7 1
1 6 6 1 1 1 7 7 7 1
8 8 8 8 1 1 7 7 7 1
8 8 8 8 1 9 9 10 10 1
8 8 8 8 1 9 9 10 10 1
8 8 8 8 1 1 1 1 1 1

# level4 8
9
1 1 1 2 2 2 2 2 2
1 3 3 3 3 4 4 4 2
1 5 3 6 6 6 4 4 2
1 5 6 6 6 6 6 7 2
1 5 6 6 8 6 6 7 2
1 5 6 6 6 6 6 7 2
9 5 5 6 6 6 7 7 2
9 7 7 7 7 7 7 7 2
9 9 2 2 2 2 2 2 2

# level4 9
8
1 2 2 3 4 1 1 1
1 2 2 3 4 1 1 1
1 5 5 5 4 1 1 1
1 5 5 5 4 1 6 6
1 1 1 1 1 1 6 6
1 1 1 1 1 1 6 6
1 1 1 1 1 1 7 7
8 8 8 8 8 8 7 7

# level5 0
8
1 1 1 2 2 3 3 1
1 4 1 1 2 2 3 1
1 4 4 1 1 2 1 1
1 1 4 4 1 1 1 1
1 5 5 6 6 7 1 1
5 5 6 6 7 7 1 1
5 8 6 1 1 1 1 1
8 8 1 1 1 1 1 1

# level5 1
10
1 1 1 1 1 2 1 1 3 1
1 1 4 1 1 1 1 3 3 1
5 1 4 1 1 1 1 3 1 1
5 1 1 1 1 1 1 1 1 1
5 1 1 1 1 1 6 6 6 1
5 1 1 7 7 1 1 1 1 1
1 1 1 1 7 1 1 1 8 1
1 9 9 1 1 1 1 8 8 8
1 9 9 1 1 10 1 1 1 1
1 1 1 1 1 10 10 10 1 1

# level5 2
10
1 1 1 1 1 1 1 2 2 2
1 1 3 1 1 4 1 1 2 2
1 3 3 5 5 4 4 1 1 2
3 3 5 5 6 6 4 4 1 1
7 7 5 6 6 1 1 8 8 1
1 7 7 6 1 1 8 8 1 1
1 1 7 1 1 1 8 1 1 1
1 1 1 1 9 1 1 1 10 1
1 1 1 9 9 1 1 10 10 1
1 1 9 9 1 1 10 10 1 1

# level5 3
11
1 1 1 1 1 1 2 2 2 2 2
1 3 3 3 3 3 3 3 2 3 3
1 1 1 3 4 4 4 3 2 3 5
1 3 3 3 4 3 6 3 3 3 5
7 3 4 4 4 3 6 6 5 5 5
7 3 3 3 3 3 3 3 5 3 5
7 7 7 8 8 3 9 9 9 3 5
7 3 7 3 8 3 3 3 9 3 5
7 3 7 3 8 3 10 3 9 3 11
7 3 3 3 3 3 10 3 3 3 11
7 3 10 10 10 10 10 11 11 11 11

# level5 4
10
1 1 1 1 1 1 1 1 1 1
1 2 2 2 3 3 3 3 3 4
1 2 5 5 5 5 6 7 3 4
1 2 5 8 8 8 6 7 3 4
1 2 5 9 9 8 6 7 3 4
1 2 5 9 10 8 6 7 3 4
1 2 10 10 10 8 6 7 3 4
1 6 6 6 6 6 6 7 3 4
1 7 7 7 7 7 7 7 3 4
4 4 4 4 4 4 4 4 4 4

# level5 5
8
1 1 1 2 2 3 3 3
2 1 1 2 2 3 3 2
2 2 1 2 2 3 2 2
4 2 2 2 2 2 2 5
4 6 6 5 5 5 5 5
4 6 7 5 4 8 5 5
4 6 7 5 4 8 5 5
4 4 4 4 4 4 4 5

# level5 6
7
1 2 2 2 2 2 2
1 2 3 3 3 2 2
1 3 3 3 3 3 2
1 4 5 5 5 6 2
1 4 4 4 6 6 2
1 1 4 4 6 7 2
1 1 1 7 7 7 2

# level5 7
8
1 1 1 1 1 1 1 1
2 2 3 3 4 4 5 5
2 6 3 7 4 6 5 6
6 6 3 7 4 6 5 6
6 6 7 7 4 6 5 6
6 6 6 6 6 6 5 6
6 8 6 6 6 6 6 6
6 8 8 8 8 8 6 6

# level5 8
8
1 2 3 3 3 4 1 5
1 2 2 3 4 4 1 5
1 2 6 6 6 4 1 5
1 1 1 6 1 1 1 5
7 1 1 1 1 1 8 5
7 7 8 8 8 8 8 5
7 7 7 8 5 5 5 5
7 7 7 7 7 7 7 5

# level5 9
9
1 1 2 2 3 3 3 3 3
1 2 2 2 2 2 2 3 3
4 4 4 5 2 5 6 6 6
4 7 7 5 2 5 6 6 6
4 4 7 5 2 5 6 8 6
4 7 7 5 2 5 6 9 6
4 7 7 5 5 5 6 9 6
7 7 7 7 7 7 9 9 7
7 7 7 7 7 7 7 7 7

# level6 0
8
1 1 2 2 2 2 3 3
1 4 4 4 4 2 3 3
5 4 4 4 4 2 3 3
5 4 4 4 4 2 2 2
5 5 5 4 4 4 4 6
7 7 8 4 4 4 4 6
7 7 8 4 4 4 4 6
7 7 8 8 6 6 6 6

# level6 1
9
1 1 1 2 2 2 2 3 3
1 1 4 5 5 2 2 3 3
1 1 4 4 5 5 2 3 3
1 1 4 5 5 2 2 6 3
1 1 1 1 2 2 6 6 6
1 7 1 1 1 2 6 8 6
7 7 7 1 1 2 8 8 8
7 9 7 2 2 2 2 2 2
9 9 9 2 2 2 2 2 2

# level6 2
7
1 1 1 1 1 1 1
1 2 3 3 3 3 1
1 2 2 2 2 2 1
1 1 1 4 5 2 6
5 5 5 5 5 2 6
5 2 2 2 2 2 6
5 7 7 7 6 6 6

# level6 3
9
1 1 1 1 1 2 2 2 3
1 1 1 4 4 5 5 5 3
1 1 1 4 5 5 6 5 5
1 1 5 5 5 6 6 6 5
1 1 5 6 5 6 6 5 5
1 1 5 6 6 6 5 5 7
1 1 5 6 6 6 5 7 7
1 8 5 5 5 5 5 9 7
8 8 8 8 8 8 9 9 7

# level6 4
8
1 1 1 1 1 1 1 1
1 2 2 2 2 2 2 1
1 2 3 3 3 3 2 4
1 2 5 6 6 3 2 4
1 2 5 7 6 3 2 4
1 8 5 7 7 7 2 4
1 8 5 5 5 2 2 4
1 8 8 8 8 8 4 4

# level6 5
10
1 1 2 2 2 3 3 4 4 4
1 1 1 2 3 3 3 4 5 4
1 1 1 2 2 3 3 4 4 4
1 1 1 2 3 3 3 4 6 4
1 1 2 2 2 3 3 4 6 4
1 7 7 7 8 9 10 9 6 6
1 7 7 8 8 9 10 9 6 6
1 7 7 7 8 9 9 9 6 6
1 1 1 7 8 8 9 6 6 6
1 7 7 7 8 8 9 6 6 6

# level6 6
8
1 1 1 1 1 1 1 1
1 2 2 2 3 3 3 1
1 2 4 4 4 4 3 1
1 2 4 5 5 4 3 6
1 2 4 5 5 7 3 6
6 2 4 4 7 7 8 6
6 2 2 2 2 8 8 6
6 6 6 6 6 6 6 6

# level6 7
9
1 1 1 1 1 1 1 2 2
1 1 3 3 1 1 1 2 2
1 1 3 4 4 2 2 2 2
5 1 3 3 4 6 2 7 2
5 5 5 3 4 6 2 7 2
5 5 5 3 4 6 6 7 7
5 5 5 5 4 4 6 8 7
5 5 5 5 9 6 6 8 7
9 9 9 9 9 8 8 8 8

# level6 8
9
1 1 1 1 1 1 1 1 1
1 1 2 1 1 1 3 1 1
2 2 2 4 4 4 3 3 3
5 5 2 6 4 7 3 8 8
8 5 6 6 4 7 7 8 8
8 5 6 9 9 9 7 7 8
8 5 6 6 9 7 7 8 8
8 6 6 6 9 7 8 8 8
8 8 8 8 8 8 8 8 8

# level6 9
7
1 1 1 1 1 1 2
3 1 4 4 1 1 2
3 1 3 3 1 2 2
3 3 3 2 2 2 2
3 5 3 3 2 6 2
3 5 7 6 6 6 2
5 5 7 6 6 6 6

# level7 0
8
1 2 2 2 2 2 2 2
1 1 1 3 3 2 2 2
4 1 1 5 5 2 2 2
4 4 1 5 5 6 2 2
1 4 1 5 5 6 6 2
1 1 1 5 5 7 7 2
1 1 5 5 5 5 7 2
1 1 5 8 8 5 7 7

# level7 1
7
1 1 2 2 3 3 3
1 1 2 3 3 3 4
5 5 3 3 3 4 4
5 3 3 3 6 4 7
3 3 3 6 6 4 7
3 3 6 6 4 4 7
3 7 7 7 7 7 7

# level7 2
9
1 1 1 1 1 1 1 2 2
1 1 1 3 3 3 2 2 2
1 1 3 3 4 3 3 2 2
1 3 3 4 4 4 3 3 2
1 3 4 4 4 5 5 3 2
6 3 3 4 5 5 3 3 2
6 7 3 3 5 3 3 8 9
6 7 6 3 3 3 8 8 9
6 6 6 6 6 6 6 9 9

# level7 3
8
1 1 2 2 3 3 3 3
1 4 4 2 2 2 2 3
2 4 5 5 5 5 2 2
2 2 5 6 6 6 6 2
2 2 5 6 7 7 2 2
2 2 5 6 7 8 8 2
2 2 2 6 2 8 2 2
2 2 2 2 2 2 2 2

# level7 4
8
1 1 2 2 2 2 3 3
1 4 2 3 3 3 3 3
4 4 2 2 2 2 5 5
4 4 4 4 6 2 5 5
4 4 2 2 2 2 7 7
4 4 4 4 4 4 4 7
4 8 4 4 4 8 4 4
8 8 8 8 8 8 8 8

# level7 5
9
1 1 1 1 1 1 2 2 2
1 1 1 3 3 3 2 2 2
4 1 5 5 5 5 5 2 2
4 1 5 5 5 5 5 2 2
4 4 5 5 5 5 5 2 2
4 4 5 5 5 5 5 2 6
4 7 7 5 5 5 2 2 6
4 7 7 7 8 6 6 6 6
4 7 7 7 6 6 6 9 9

# level7 6
8
1 1 1 1 1 1 2 2
1 1 3 3 3 4 2 2
5 5 5 3 4 4 6 6
5 5 5 3 4 6 6 6
5 5 7 7 6 6 6 6
5 5 7 6 6 6 6 6
8 8 6 6 6 6 6 6
8 8 6 6 6 6 6 6

# level7 7
8
1 1 2 2 1 3 3 3
1 4 2 2 1 3 3 3
1 5 5 1 1 3 3 3
1 5 5 1 1 1 1 1
1 1 1 6 6 6 1 1
1 1 1 6 6 6 1 1
8 8 1 6 6 6 7 1
8 8 1 1 1 1 1 1

# level7 8
9
1 1 1 1 1 1 1 1 1
1 1 2 1 3 3 3 1 1
1 2 2 2 4 3 3 3 3
1 1 2 4 4 4 5 3 3
1 1 1 1 4 5 5 5 3
1 6 6 6 7 3 5 3 3
1 8 8 8 7 3 3 3 3
1 8 8 8 7 9 9 9 3
1 1 8 8 8 3 3 3 3

# level7 9
9
1 1 2 2 2 2 3 3 3
1 2 2 2 4 4 4 2 3
2 2 2 2 2 2 4 2 3
2 5 2 2 2 2 4 2 2
2 5 2 2 2 2 6 2 2
2 5 5 5 2 6 6 2 2
2 2 2 2 7 2 2 2 8
9 2 2 7 7 2 2 2 8
9 9 2 2 2 2 8 8 8

# level8 0
8
1 1 1 1 1 1 1 1
1 2 2 2 3 3 3 4
1 2 5 5 5 6 3 4
1 7 5 8 8 6 3 4
1 7 6 8 8 6 3 4
1 7 6 6 6 6 7 4
1 7 7 7 7 7 7 4
1 1 1 7 7 4 4 4

# level8 1
8
1 1 1 2 2 3 3 3
1 2 2 2 2 2 2 3
1 1 2 2 2 2 3 3
1 2 2 2 2 2 2 4
5 6 2 2 2 2 7 4
5 6 6 6 7 7 7 4
5 6 8 6 7 8 7 4
5 5 8 8 8 8 4 4

# level8 2
10
1 1 1 1 1 2 2 2 2 2
3 1 1 1 2 2 2 2 2 2
3 4 1 1 1 5 5 5 5 2
3 4 4 1 1 5 6 6 6 6
3 4 7 8 1 5 6 6 6 6
3 4 7 7 5 5 6 6 6 6
3 4 3 7 9 5 5 5 5 6
3 3 3 7 9 9 9 6 6 6
10 10 3 7 9 7 9 9 9 9
10 10 10 7 7 7 9 9 9 9

# level8 3
8
1 1 1 1 1 1 1 1
1 2 2 2 2 2 2 1
3 4 2 2 2 2 5 6
3 4 4 2 2 5 5 6
3 3 3 2 2 5 6 6
7 7 2 2 2 2 6 8
7 2 2 2 2 2 2 8
7 7 7 7 8 8 8 8

# level8 4
9
1 1 1 1 1 1 1 1 1
2 1 1 3 3 3 1 1 1
2 4 4 4 3 5 5 5 1
2 2 2 4 6 6 6 5 1
2 4 4 4 6 5 5 5 1
2 4 7 7 7 7 7 5 1
2 4 4 4 7 5 5 5 1
2 2 2 2 8 9 9 1 1
2 2 2 2 8 9 1 1 1

# level8 5
8
1 1 1 2 2 3 3 3
1 1 2 2 4 3 3 3
1 2 2 4 4 3 3 3
2 2 4 4 5 6 3 3
2 4 4 5 5 6 7 3
8 8 8 6 6 6 7 3
3 3 8 8 7 7 7 3
3 3 3 3 3 3 3 3

# level8 6
10
1 1 1 1 1 1 1 2 1 1
1 1 1 1 1 1 2 2 2 1
1 1 1 3 1 1 1 2 1 1
1 1 1 4 4 4 1 1 1 1
1 1 5 5 5 5 5 5 1 1
1 6 6 6 6 6 6 6 6 1
1 1 7 7 8 8 9 9 1 1
10 10 7 7 8 8 9 9 10 10
10 10 8 8 8 8 8 8 8 10
10 10 10 10 10 10 10 10 10 10

# level8 7
9
1 1 1 1 2 2 2 2 2
1 3 3 1 4 4 4 2 2
1 1 1 1 4 5 4 2 2
6 6 6 2 4 5 4 2 2
7 7 6 2 4 4 4 2 2
7 7 6 2 2 2 2 2 2
6 6 6 2 2 8 8 8 8
2 2 2 2 2 8 9 9 8
2 2 2 2 2 8 8 8 8

# level8 8
10
1 1 1 1 2 2 3 3 4 4
5 1 1 1 2 2 3 3 4 4
5 5 1 2 2 2 2 4 4 6
1 5 1 2 7 7 7 4 6 6
1 1 1 2 2 2 7 4 6 4
8 1 1 2 2 2 2 4 4 4
8 1 1 9 9 9 2 4 10 10
8 1 1 2 9 2 2 4 10 4
8 1 1 2 2 2 2 4 10 4
1 1 1 1 2 2 2 4 4 4

# level8 9
9
1 1 1 1 1 1 2 2 2
1 1 1 1 1 1 2 3 2
1 1 1 1 1 1 3 3 3
1 1 1 1 1 1 4 4 3
5 6 6 6 1 1 4 4 4
5 7 8 6 1 1 1 1 1
5 7 8 6 1 1 9 1 1
5 7 8 8 1 9 9 9 1
5 7 7 8 1 1 9 1 1

# level9 0
8
1 2 2 2 2 2 2 2
1 3 2 3 4 4 4 2
1 3 2 3 4 5 4 2
1 3 3 3 4 5 4 2
1 6 7 6 8 8 8 2
1 6 7 6 8 2 2 2
1 6 6 6 8 8 8 2
1 1 1 1 1 1 1 2

# level9 1
9
1 1 1 2 2 2 2 2 3
4 5 1 1 6 2 2 2 3
4 5 5 6 6 6 2 2 3
4 4 5 6 6 6 3 3 3
4 7 6 6 6 6 6 3 8
7 7 6 6 6 6 6 8 8
7 6 6 6 6 6 6 6 8
6 6 6 6 9 6 6 6 6
6 6 9 9 9 9 9 6 6

# level9 2
8
1 2 2 2 2 3 3 3
1 1 2 4 4 4 3 4
1 2 2 4 4 4 4 4
2 2 2 4 4 4 5 4
2 2 2 2 4 5 5 5
6 2 2 2 4 7 7 7
6 6 2 2 7 7 8 7
6 2 2 2 2 8 8 8

# level9 3
8
1 1 1 1 1 1 1 2
1 3 3 3 4 2 2 2
1 3 5 5 4 6 6 6
1 3 5 5 4 4 4 6
1 7 5 5 5 5 8 6
1 7 5 5 5 5 8 1
1 7 7 7 8 8 8 1
1 1 1 1 1 1 1 1

# level9 4
9
1 1 1 1 2 3 3 4 4
1 2 2 2 2 2 3 3 4
1 2 2 2 5 2 2 3 4
2 2 2 2 5 2 2 3 4
2 6 6 6 5 5 2 2 4
2 6 7 6 6 5 5 2 8
2 2 7 2 2 2 2 2 8
2 2 7 2 2 9 9 9 8
7 7 7 9 9 9 8 8 8

# level9 5
8
1 1 2 2 2 2 2 2
1 2 2 3 4 4 5 5
1 3 3 3 6 4 5 5
1 3 6 6 6 4 4 4
1 1 1 7 7 7 8 4
4 4 1 7 8 8 8 4
4 4 1 1 8 4 4 4
4 4 4 4 4 4 4 4

# level9 6
8
1 1 1 2 2 2 2 2
1 3 3 3 2 2 2 2
1 3 4 4 5 5 5 2
1 3 4 4 6 6 5 2
1 7 7 7 6 6 5 2
1 1 8 7 7 7 7 2
8 1 8 8 8 2 2 2
8 8 8 8 8 8 8 2

# level9 7
7
1 1 1 1 1 1 1
1 2 2 2 2 3 4
1 5 6 6 6 3 4
1 5 6 6 6 7 4
1 5 6 6 6 7 4
1 5 5 5 7 7 4
1 4 4 4 4 4 4

# level9 8
8
1 1 1 2 2 2 2 2
1 3 1 3 4 2 4 2
1 3 3 3 4 4 4 2
1 1 1 3 5 5 4 6
1 7 1 7 8 5 8 6
1 7 7 7 8 8 8 1
1 1 1 7 1 1 8 1
1 1 1 1 1 1 1 1

# level9 9
7
1 2 3 3 4 4 4
2 2 2 3 4 5 4
3 2 3 3 4 5 4
3 3 3 6 6 5 4
7 7 7 6 5 5 4
7 5 5 5 5 7 7
7 7 7 7 7 7 7

# level10 0
11
1 1 2 2 3 3 3 3 4 4 4
1 1 2 2 5 5 5 3 4 6 4
1 1 7 2 5 8 5 3 4 6 4
1 7 7 2 5 8 5 3 4 6 4
1 1 7 2 5 8 5 3 4 4 4
1 1 7 2 5 5 5 9 9 9 9
1 1 7 2 2 9 9 9 1 1 1
1 1 9 9 9 9 1 1 1 1 10
1 1 1 1 1 1 1 1 10 10 10
1 1 1 1 1 10 10 10 10 11 11
1 1 10 10 10 10 11 11 11 11 11

# level10 1
7
1 1 1 1 1 1 1
1 1 1 2 3 3 1
1 1 2 2 2 3 3
4 2 2 2 2 2 5
4 4 2 2 2 5 5
4 2 2 6 2 2 6
7 7 7 6 6 6 6

# level10 2
9
1 2 2 2 2 2 2 2 2
1 2 3 3 3 2 4 4 2
1 3 3 5 3 4 4 6 2
1 3 5 5 4 4 7 6 6
1 3 5 8 8 7 7 7 6
1 3 5 5 8 8 7 9 6
1 3 3 5 3 8 9 9 6
1 1 3 3 3 1 1 9 9
1 1 1 1 1 1 1 1 1

# level10 3
9
1 2 2 2 2 2 2 2 2
1 3 4 4 4 4 4 4 2
1 3 5 5 6 6 7 4 2
1 3 5 6 6 7 7 4 2
1 3 5 8 6 7 9 4 2
1 3 5 8 8 7 9 4 2
1 3 8 8 9 9 9 4 2
1 3 3 2 2 2 2 2 2
1 1 3 3 3 3 3 3 3

# level10 4
7
1 1 1 1 1 1 2
1 3 3 4 4 1 2
1 3 3 4 4 1 2
1 1 1 1 1 1 2
5 5 5 6 6 7 7
5 5 5 5 6 6 7
5 5 5 5 6 6 7

# level10 5
8
1 2 2 2 2 2 2 2
1 3 3 2 2 2 2 2
4 3 5 5 5 2 2 2
4 4 5 6 6 6 2 2
4 4 4 6 7 7 7 7
4 4 4 6 7 8 8 8
4 4 8 8 7 8 8 8
4 8 8 8 8 8 8 8

# level10 6
7
1 1 1 1 1 1 1
1 2 2 2 2 2 3
1 2 2 2 2 2 3
4 5 6 6 3 3 3
4 5 6 7 7 3 3
4 5 6 7 3 3 3
4 4 4 7 3 3 3

# level10 7
9
1 1 1 2 2 2 3 3 4
1 1 1 2 3 3 3 3 3
1 1 1 2 2 3 3 3 3
5 1 1 2 3 3 3 3 3
6 6 6 2 2 2 9 3 9
6 7 7 7 8 7 9 3 9
6 6 7 7 7 7 9 3 9
6 7 7 7 7 7 9 3 9
6 6 6 7 7 7 9 9 9

# level10 8
8
1 1 1 2 2 2 3 3
1 1 1 1 2 4 4 3
1 1 1 1 2 4 4 3
5 1 1 1 1 4 6 6
5 5 1 1 1 1 1 6
7 5 8 1 1 1 1 1
7 7 8 8 1 1 1 1
7 7 7 8 8 1 1 1

# level10 9
8
1 2 3 4 5 5 5 5
1 2 3 4 6 7 7 5
1 2 3 4 6 6 7 5
1 2 3 4 4 6 6 5
2 2 3 3 4 4 4 4
2 2 3 3 3 3 3 4
2 2 2 2 2 2 2 2
2 2 2 8 8 8 8 8

# level11 0
9
1 1 2 2 2 3 3 3 3
1 1 2 4 5 3 3 3 3
1 1 4 4 5 6 6 3 3
1 1 4 5 5 5 6 6 3
1 5 5 5 5 5 5 5 7
1 8 8 5 5 5 9 7 7
1 7 8 8 5 9 9 7 7
7 7 7 7 5 9 7 7 7
7 7 7 7 7 7 7 7 7

# level11 1
7
1 1 2 2 2 3 3
1 2 2 4 2 2 3
1 2 4 4 4 2 5
1 2 2 4 2 2 5
1 6 2 2 2 6 6
6 6 6 7 6 6 6
6 6 6 6 6 6 6

# level11 2
8
1 1 1 1 1 1 1 2
1 1 1 1 1 1 2 2
1 1 1 3 4 1 2 2
1 1 1 3 4 5 2 6
1 1 3 3 4 5 2 6
1 7 3 8 4 4 2 6
7 7 7 8 4 4 4 6
7 7 7 8 4 4 4 6

# level11 3
9
1 1 1 1 1 1 1 2 2
1 1 1 3 3 3 2 2 2
1 1 3 3 4 3 3 2 2
1 3 3 4 4 4 3 3 2
1 3 4 4 4 5 5 3 2
6 3 3 4 5 5 3 3 2
6 7 3 3 5 3 3 8 9
6 7 6 3 3 3 8 8 9
6 6 6 6 6 6 6 9 9

# level11 4
8
1 1 1 2 2 2 3 3
1 1 2 2 2 4 4 3
1 2 2 2 2 4 4 2
5 5 5 5 2 2 2 2
6 7 7 5 5 2 2 2
6 7 7 7 5 2 2 8
6 6 5 5 5 2 2 8
6 6 6 6 5 8 8 8

# level11 5
9
1 1 1 1 1 1 1 1 1
1 1 2 2 2 2 2 2 1
1 1 3 3 3 3 3 2 1
1 1 3 3 4 4 3 5 1
1 1 3 6 6 4 3 5 1
1 7 7 7 6 3 3 5 1
9 8 8 7 3 3 3 5 1
9 9 8 7 1 1 1 1 1
9 9 9 1 1 1 1 1 1

# level11 6
9
1 1 1 1 1 1 2 2 2
3 4 4 4 5 1 1 1 2
3 3 3 4 5 1 6 6 2
7 4 4 4 5 8 6 8 2
7 4 9 9 9 8 6 8 2
7 4 4 4 9 8 8 8 2
7 7 7 7 9 2 2 8 2
7 7 7 7 7 2 2 8 2
7 7 7 2 2 2 2 2 2

# level11 7
10
1 1 1 1 1 2 2 2 2 2
1 1 1 3 2 2 3 2 2 2
1 1 3 3 2 2 3 3 2 2
4 1 3 3 3 3 3 3 5 2
4 1 1 3 3 3 3 5 5 2
4 4 1 1 3 3 6 7 7 2
4 8 8 9 3 3 6 6 7 2
8 8 9 9 3 3 6 6 10 2
8 8 3 3 3 3 3 3 10 2
8 10 10 10 10 10 10 10 10 10

# level11 8
8
1 2 2 3 4 4 4 5
1 1 2 3 3 4 4 5
6 1 1 1 1 4 4 5
6 6 1 1 1 1 4 5
7 7 1 1 1 1 4 1
8 7 1 1 1 1 1 1
8 8 8 1 1 1 1 1
8 8 8 8 8 1 1 1

# level11 9
10
1 1 1 1 1 1 1 1 1 1
1 1 1 1 1 1 1 2 2 1
1 3 3 1 1 1 4 2 2 1
1 3 3 1 1 4 4 4 1 1
1 1 1 5 5 5 4 1 1 1
1 1 1 5 5 5 6 6 6 1
1 1 7 5 5 5 6 6 6 1
1 7 7 7 8 8 6 6 6 1
9 9 7 1 8 8 10 10 1 1
9 9 1 1 1 1 1 1 1 1

# level12 0
9
1 1 1 1 2 3 3 3 3
1 4 1 2 2 2 3 3 3
4 4 4 5 2 5 3 3 3
6 4 5 5 5 5 5 7 3
6 6 6 5 8 5 7 7 7
6 6 5 5 5 5 5 7 9
6 6 6 5 6 5 9 9 9
6 6 6 6 6 6 6 9 9
6 6 6 6 6 6 6 6 6

# level12 1
10
1 1 1 1 1 2 3 3 3 3
1 4 2 2 2 2 5 5 5 3
1 4 2 6 6 5 5 5 5 3
1 4 6 6 5 5 5 5 5 3
1 6 6 5 5 5 5 5 7 7
6 6 5 5 5 5 5 6 7 7
6 5 5 5 5 5 6 6 8 7
6 5 5 5 5 6 6 8 8 7
6 5 5 5 6 6 8 8 9 9
6 6 6 6 6 10 10 10 9 9

# level12 2
8
1 1 1 1 1 1 1 1
1 2 1 1 1 3 3 1
2 2 4 4 5 5 3 3
2 2 2 4 5 3 3 3
2 6 2 7 8 3 3 3
6 6 7 7 8 8 8 3
6 6 6 6 6 6 8 3
6 3 3 3 3 3 3 3

# level12 3
10
1 1 1 1 1 2 2 1 1 1
1 1 3 3 1 2 2 1 1 1
1 1 3 3 1 2 4 4 1 1
5 1 3 1 1 1 4 4 1 1
5 5 1 1 1 1 4 1 1 1
6 6 1 1 1 1 1 1 1 1
6 6 7 8 8 9 9 1 1 1
6 7 7 8 8 9 9 1 10 10
1 1 1 8 1 1 9 1 10 10
1 1 1 1 1 1 1 1 1 10

# level12 4
11
1 1 2 2 2 3 4 4 4 5 5
1 3 2 3 3 3 4 5 5 5 5
1 3 2 2 2 3 4 4 4 5 5
1 3 3 3 2 3 4 5 5 5 5
6 3 2 2 2 3 4 4 4 5 5
6 3 3 3 3 3 3 3 3 3 5
6 3 7 7 7 3 8 8 8 3 5
6 6 7 9 7 10 10 8 3 3 5
6 6 7 7 7 10 11 8 3 3 5
6 6 7 11 11 10 11 8 3 3 3
6 6 7 11 11 11 11 8 3 3 3

# level12 5
7
1 1 1 2 2 2 2
3 1 4 4 4 2 2
3 1 1 1 4 2 5
3 3 4 4 4 2 5
6 6 4 7 7 5 5
6 5 4 4 4 5 5
5 5 5 5 5 5 5

# level12 6
8
1 1 2 2 2 2 2 3
1 4 4 4 2 2 2 3
1 1 1 4 5 5 5 3
1 4 4 4 5 6 5 3
7 7 7 4 5 5 5 3
7 4 4 4 8 8 5 3
7 7 7 7 5 5 5 3
7 7 7 7 7 3 3 3

# level12 7
9
1 1 1 1 2 2 3 3 3
1 4 4 4 4 2 2 2 3
1 4 5 5 5 5 2 2 3
1 4 5 6 6 6 6 2 7
1 4 5 6 2 2 2 2 7
1 4 5 6 6 6 6 2 8
1 4 5 5 5 5 9 9 8
1 4 4 4 4 9 9 8 8
1 1 1 1 9 9 8 8 8

# level12 8
9
1 1 1 2 3 3 3 3 4
1 2 2 2 3 3 4 4 4
1 1 2 2 2 4 4 4 4
5 1 6 6 6 6 7 4 7
5 5 6 8 8 6 7 7 7
5 6 6 6 8 6 6 6 6
6 6 8 8 8 8 8 6 9
6 8 8 8 8 8 8 8 9
6 6 8 8 8 8 8 9 9

# level12 9
8
1 1 1 2 3 3 3 4
1 2 2 2 2 2 3 4
1 1 1 2 5 5 5 4
1 6 6 6 6 5 5 4
1 6 7 4 4 4 4 4
7 7 7 4 4 4 4 4
8 7 8 4 4 4 4 4
8 8 8 4 4 4 4 4

# level13 0
10
1 1 1 1 1 1 1 1 2 2
1 1 3 4 4 4 4 2 2 5
1 3 3 3 4 4 2 2 5 5
1 1 3 6 4 2 2 7 7 7
1 1 6 6 2 2 8 8 8 7
1 1 6 2 2 8 8 8 8 7
1 1 2 2 7 8 8 9 8 7
1 2 2 7 7 7 9 9 9 7
2 2 10 10 7 7 7 9 7 7
2 10 10 7 7 7 7 7 7 7

# level13 1
11
1 1 1 1 1 1 1 1 1 1 1
1 1 2 1 1 1 1 1 1 1 1
3 3 2 2 1 4 1 1 1 5 1
3 3 3 2 4 4 4 1 5 5 5
3 6 3 2 4 4 4 1 5 7 7
3 6 3 2 4 8 4 1 5 7 5
3 6 3 2 4 4 4 1 5 5 5
3 3 3 2 4 4 4 1 5 5 5
3 3 2 2 9 4 10 1 10 5 11
10 2 2 2 9 9 10 10 10 10 11
10 10 10 10 10 10 10 11 11 11 11

# level13 2
7
1 1 1 1 1 1 1
1 1 2 1 3 3 1
1 2 2 4 4 3 3
1 2 5 5 4 4 3
1 1 1 5 5 3 3
1 1 6 6 7 7 3
1 1 1 6 6 7 7

# level13 3
9
1 1 1 1 1 2 2 2 2
2 2 3 3 3 3 2 2 2
2 2 2 4 4 4 4 2 2
2 2 2 2 2 2 5 5 2
2 2 2 2 2 2 2 2 2
2 2 2 6 6 6 2 2 2
2 2 2 7 7 7 7 2 2
2 2 2 2 2 8 8 8 2
2 2 2 2 2 2 9 9 9

# level13 4
10
1 1 1 1 1 1 1 1 1 1
1 2 2 2 3 3 3 3 3 4
1 5 6 6 6 7 7 7 3 4
1 5 6 6 6 6 7 7 8 4
1 5 9 6 6 10 7 10 8 4
1 5 9 6 9 10 10 10 8 4
1 5 9 9 9 9 10 10 8 4
1 5 9 9 9 9 10 10 8 4
1 5 5 5 5 5 5 8 8 4
1 1 1 1 1 4 4 4 4 4

# level13 5
8
1 1 1 2 2 2 3 3
1 4 1 4 2 3 3 3
1 4 4 4 2 5 5 5
1 4 4 4 2 6 6 6
1 1 4 2 2 6 4 6
1 1 4 4 4 4 4 6
1 7 4 4 4 4 4 6
7 7 4 8 8 8 4 6

# level13 6
8
1 2 2 2 2 2 2 2
1 3 4 4 4 2 2 1
1 3 3 3 5 5 2 1
1 1 6 3 5 6 1 1
1 7 6 6 5 6 8 1
1 7 6 6 6 6 8 1
1 7 7 7 7 8 8 1
1 1 1 1 1 1 1 1

# level13 7
9
1 1 1 1 1 1 1 1 1
2 3 3 3 3 3 3 3 1
2 3 4 4 4 4 4 3 1
2 3 4 5 5 6 4 3 1
2 3 4 5 5 6 4 3 1
2 3 7 6 6 6 8 9 1
2 9 7 7 7 8 8 9 1
2 9 9 9 9 9 9 9 1
2 2 2 2 2 2 2 2 2

# level13 8
11
1 1 1 1 1 2 2 3 3 4 4
1 1 1 1 1 1 2 2 3 4 4
1 1 1 1 1 1 1 3 3 5 4
1 1 1 1 1 1 1 1 6 5 5
1 1 1 1 1 1 1 1 6 6 5
7 1 1 1 1 1 1 1 1 6 6
7 7 7 1 1 1 1 1 1 1 1
8 7 7 7 1 1 1 1 1 1 1
8 8 9 10 10 1 1 1 1 1 1
11 8 9 9 10 9 1 1 1 1 1
11 11 11 9 9 9 1 1 1 1 1

# level13 9
7
1 1 1 1 1 1 2
1 1 1 1 1 2 2
1 3 3 3 3 3 2
1 3 4 4 4 3 5
1 3 3 3 3 3 5
1 1 1 6 7 5 5
1 1 6 6 7 7 7

# level14 0
10
1 1 1 1 1 1 1 1 1 1
1 1 2 2 2 2 2 2 2 2
1 3 4 4 4 5 2 2 2 2
1 3 2 2 2 5 2 2 2 2
1 3 2 2 2 6 6 6 7 2
1 3 2 2 2 2 2 2 7 2
1 3 8 8 8 8 8 2 7 2
1 1 1 1 1 1 9 2 7 2
1 1 1 1 1 1 9 2 2 2
1 1 1 1 10 10 10 2 2 2

# level14 1
11
1 1 1 1 1 1 1 1 1 1 1
1 2 1 2 1 1 1 1 1 3 1
2 2 2 2 2 4 1 4 3 3 1
5 2 2 2 4 4 4 4 4 3 1
2 2 2 2 2 4 4 4 3 3 1
6 2 6 2 4 4 4 4 4 3 1
6 6 6 6 7 4 7 4 3 3 1
6 6 6 7 7 7 7 7 8 9 1
6 6 6 6 7 7 7 8 8 9 1
6 10 6 7 7 7 7 7 8 9 9
10 10 10 10 7 11 7 8 8 8 8

# level14 2
9
1 1 1 1 1 1 1 1 1
1 2 2 3 3 3 3 4 1
1 3 3 3 3 3 3 4 1
1 5 6 7 7 7 7 4 1
1 5 6 8 7 8 7 8 1
1 5 6 8 8 8 8 8 1
1 5 6 8 8 8 8 8 1
6 5 6 8 9 9 9 9 8
6 6 6 8 8 8 8 8 8

# level14 3
9
1 1 1 1 1 2 3 3 3
1 1 1 4 2 2 2 3 3
1 1 4 4 4 2 5 3 3
1 1 1 4 6 5 5 5 3
1 1 7 6 6 6 5 8 3
1 7 7 7 6 9 8 8 8
1 1 7 1 9 9 9 8 1
1 1 1 1 1 9 1 1 1
1 1 1 1 1 1 1 1 1

# level14 4
10
1 1 1 1 1 1 1 1 1 1
1 1 2 2 2 1 3 1 1 1
1 4 2 5 5 5 3 3 3 3
1 4 2 2 2 5 3 3 3 3
1 4 2 5 5 5 6 6 6 3
1 4 2 2 2 5 6 7 7 7
4 4 4 5 5 5 6 6 6 7
4 8 4 8 9 8 6 7 7 7
4 8 4 8 9 8 6 6 6 7
4 8 8 8 8 8 10 7 7 7

# level14 5
9
1 1 1 1 1 1 2 2 2
1 3 3 3 3 3 3 3 2
3 3 4 3 4 3 4 3 3
3 4 4 4 4 4 4 4 5
3 3 6 4 7 7 8 5 5
3 6 6 7 7 8 8 8 5
3 3 6 9 7 9 8 9 5
9 3 3 9 9 9 9 9 9
9 9 9 9 9 9 9 9 9

# level14 6
8
1 1 1 1 1 1 1 2
3 1 1 1 1 1 2 2
3 3 4 1 1 1 5 2
3 6 4 4 1 5 5 5
6 6 4 1 1 1 1 1
1 6 1 1 7 1 1 8
1 1 1 7 7 7 8 8
1 1 1 1 1 1 1 8

# level14 7
9
1 1 1 1 1 1 1 1 1
1 2 2 3 3 4 4 4 4
1 2 2 3 3 5 5 4 4
1 4 4 4 4 5 5 4 4
1 4 6 6 4 7 7 4 4
1 4 6 6 4 7 7 4 4
1 4 4 4 8 8 9 9 4
1 4 4 4 8 8 9 9 4
1 4 4 4 4 4 4 4 4

# level14 8
8
1 1 1 1 1 1 1 1
2 3 3 4 4 5 5 1
2 3 3 4 4 5 5 1
2 2 4 4 4 4 1 1
6 2 7 7 7 7 1 1
6 7 7 6 6 7 7 1
6 7 6 6 8 8 7 1
6 6 6 6 6 8 8 1

# level14 9
7
1 1 1 1 1 2 3
1 1 1 1 2 2 2
1 4 1 1 5 2 5
4 4 1 6 5 5 5
4 4 6 6 6 5 5
4 6 6 6 6 6 5
6 6 6 7 6 6 6

# level15 0
11
1 1 1 1 1 1 1 1 1 1 1
1 1 1 2 2 2 2 2 1 1 1
1 1 3 2 4 4 4 2 2 1 1
1 3 3 4 4 5 4 4 2 2 1
1 3 4 4 4 5 4 4 4 2 1
1 6 4 4 4 5 5 5 4 7 1
1 6 4 4 4 4 4 4 4 7 1
1 6 6 4 4 4 4 4 8 7 1
9 9 6 6 4 4 4 8 8 1 1
9 9 9 6 10 10 10 10 1 1 1
9 9 9 9 9 11 11 10 1 1 1

# level15 1
8
1 1 1 1 2 2 3 3
1 4 4 1 2 5 5 3
4 4 4 4 2 5 5 3
4 4 4 4 4 4 3 3
6 6 4 4 4 4 4 4
6 7 4 4 4 4 4 4
6 7 4 4 8 4 4 8
6 6 4 4 8 8 8 8

# level15 2
10
1 1 2 2 3 3 3 3 3 3
1 1 1 2 2 4 3 3 3 3
5 1 1 1 2 4 4 3 3 6
5 5 1 1 1 4 3 3 6 6
3 7 7 1 3 3 3 6 6 6
3 7 7 7 3 3 8 8 6 6
3 3 7 3 3 8 8 8 6 6
3 3 3 3 9 8 8 8 8 8
3 3 3 10 9 9 9 8 8 8
3 3 10 10 10 9 9 8 8 8

# level15 3
8
1 1 1 1 1 2 2 2
1 2 2 2 1 2 3 2
2 2 4 2 1 2 3 2
5 5 2 2 1 2 3 2
2 2 2 6 2 2 3 2
2 7 7 2 2 3 3 2
2 2 2 2 3 3 2 2
2 2 2 3 3 2 2 8

# level15 4
8
1 1 2 2 2 3 3 3
1 2 2 2 2 2 3 3
2 2 2 2 2 2 2 2
2 4 5 5 5 5 4 2
2 4 5 5 6 6 4 7
2 4 5 5 5 5 4 7
8 4 5 5 5 5 4 7
8 4 4 4 4 4 4 7

# level15 5
9
1 1 1 1 2 2 2 2 2
1 1 3 1 2 4 4 2 2
1 3 3 5 2 4 2 2 2
1 3 5 5 2 4 2 2 2
2 2 2 2 2 2 2 2 2
2 2 2 2 2 6 6 6 6
2 2 7 2 2 6 8 8 6
2 7 7 7 2 6 8 9 6
2 2 7 2 2 9 9 9 6

# level15 6
8
1 1 2 1 1 1 1 3
1 2 2 2 1 1 3 3
1 1 2 1 1 4 3 4
1 1 1 1 5 4 4 4
1 1 1 5 5 5 4 4
1 1 6 5 7 4 4 4
1 6 6 7 7 4 8 8
6 6 7 7 8 8 8 8

# level15 7
9
1 1 1 1 1 1 1 1 1
2 2 2 2 2 2 2 2 1
2 3 3 3 3 3 3 2 1
4 3 5 6 6 6 3 2 7
4 3 5 8 8 6 3 2 7
4 3 5 8 6 6 3 2 7
9 3 5 3 3 3 3 2 7
9 2 2 2 2 2 2 2 7
9 9 9 9 7 7 7 7 7

# level15 8
10
1 1 1 1 1 1 1 1 1 2
1 1 3 1 1 1 4 4 2 2
6 1 3 3 1 1 4 2 2 7
6 6 3 3 8 1 4 7 7 7
5 6 6 3 8 8 8 7 7 7
5 5 5 8 8 8 9 9 9 7
5 5 10 10 10 8 9 9 7 7
5 5 10 7 7 7 9 7 7 7
7 5 5 5 7 7 7 7 7 7
7 7 7 7 7 7 7 7 7 7

# level15 9
10
1 1 1 2 2 2 1 1 1 1
1 2 2 2 2 2 1 3 3 3
1 1 1 1 1 1 1 3 4 3
1 1 1 5 5 5 6 3 4 1
1 7 7 7 8 5 6 4 4 1
1 1 9 7 8 6 6 4 4 1
1 1 9 8 8 6 6 1 1 1
1 9 9 8 8 1 1 1 10 1
1 9 9 1 1 1 10 10 10 1
1 1 1 1 1 1 1 1 10 1

# level16 0
7
1 1 1 1 1 1 1
2 2 2 2 2 2 1
3 2 2 2 2 2 1
3 3 4 4 4 4 1
3 3 5 6 6 4 1
7 7 5 5 6 4 1
7 7 5 6 6 4 1

# level16 1
9
1 1 1 1 2 1 1 1 1
1 3 3 1 2 1 4 4 1
1 3 3 1 1 1 5 5 1
1 1 3 3 3 6 6 5 1
7 1 1 1 1 6 1 1 1
7 7 7 7 1 6 6 6 6
7 7 8 7 1 1 1 6 6
7 8 8 8 9 9 1 1 6
7 7 7 7 7 7 7 1 1

# level16 2
8
1 1 1 2 2 2 2 2
3 3 1 1 4 2 5 5
3 6 4 4 4 7 5 5
6 6 6 4 7 7 7 5
6 6 6 8 8 7 5 5
6 6 8 8 8 8 5 5
6 8 8 8 8 8 8 5
8 8 8 8 8 8 8 8

# level16 3
10
1 1 2 2 2 2 2 2 2 2
1 1 2 2 2 2 2 2 2 2
1 1 3 2 2 2 2 2 2 2
4 3 3 3 2 2 2 2 2 2
4 3 3 5 5 2 2 2 2 2
4 3 3 5 5 6 6 2 2 2
4 3 3 5 7 6 6 6 8 2
4 4 9 9 7 7 7 6 8 2
4 4 9 9 7 10 10 6 8 2
4 4 9 9 9 10 10 10 8 8

# level16 4
9
1 1 2 2 2 3 3 3 3
1 4 2 4 2 3 3 3 3
1 4 4 4 3 3 3 3 3
1 1 1 5 5 5 3 3 3
1 1 1 5 3 5 3 3 3
1 6 6 3 3 3 3 3 3
7 7 6 3 8 8 8 3 3
7 6 6 3 8 9 8 9 3
7 7 3 3 3 9 9 9 3

# level16 5
8
1 1 1 2 2 2 3 3
1 4 4 4 4 2 2 3
1 4 4 4 4 2 5 3
1 4 4 4 4 5 5 3
6 4 4 4 4 4 4 3
6 4 4 4 4 4 4 7
6 4 8 8 8 4 4 7
6 6 6 8 7 7 7 7

# level16 6
7
1 1 1 2 2 3 3
1 4 4 2 2 3 5
1 4 2 2 3 3 5
2 2 2 3 3 6 7
2 3 3 3 3 6 7
3 3 3 6 6 6 7
3 6 6 6 7 7 7

# level16 7
9
1 1 1 1 1 1 1 1 1
1 2 2 1 3 4 4 1 1
2 2 5 5 3 6 4 4 1
1 5 5 3 3 6 7 1 1
1 1 1 3 1 6 7 7 1
8 1 1 1 1 6 6 7 1
8 8 1 9 1 1 6 7 1
1 8 1 9 9 1 1 7 1
1 1 1 1 9 1 1 1 1

# level16 8
9
1 1 2 2 2 3 4 4 4
1 1 1 2 3 3 5 4 1
1 6 1 1 1 3 5 1 1
1 6 6 6 1 5 5 5 1
1 6 7 1 1 8 1 1 1
1 1 7 1 1 8 8 8 1
1 7 7 7 9 8 1 1 1
1 1 1 9 9 9 1 1 1
1 1 1 1 1 1 1 1 1

# level16 9
9
1 1 1 1 2 3 3 4 5
1 6 6 2 2 2 3 4 5
1 7 6 6 2 4 4 4 5
1 7 2 2 2 2 2 8 5
1 7 7 7 2 8 8 8 5
1 2 2 2 2 2 2 2 5
9 9 5 5 2 5 5 5 5
9 9 5 2 2 2 5 5 5
9 5 5 5 5 5 5 5 5

# level17 0
8
1 2 2 2 3 4 4 4
1 1 1 2 3 3 3 4
1 2 2 2 3 4 4 4
2 2 5 2 2 4 6 6
7 7 5 2 8 4 4 6
7 5 5 5 8 8 8 6
7 6 6 6 8 6 6 6
6 6 6 6 6 6 6 6

# level17 1
9
1 1 1 2 2 2 2 2 2
1 3 3 3 2 4 4 4 2
1 3 5 5 6 7 7 4 1
1 3 5 6 6 6 7 4 1
1 3 5 8 9 9 7 4 1
1 3 5 8 8 9 7 4 1
1 3 5 5 1 7 7 4 1
1 3 3 3 1 4 4 4 1
1 1 1 1 1 1 1 1 1

# level17 2
9
1 2 2 2 3 4 4 4 4
1 2 3 2 3 4 5 5 5
1 2 3 3 3 4 4 5 5
1 6 6 6 7 7 7 5 5
1 6 1 6 7 8 8 8 5
1 1 1 9 7 7 7 8 5
9 9 9 9 9 9 8 8 5
9 9 9 9 9 9 5 5 5
9 9 9 9 9 9 9 9 9

# level17 3
10
1 1 2 2 3 3 3 3 3 4
1 2 2 5 3 3 3 3 4 4
1 2 5 5 5 3 3 6 6 6
2 2 5 3 3 3 7 7 7 6
3 3 5 3 3 7 7 7 7 7
3 3 3 3 7 7 7 7 8 7
3 3 8 8 8 8 8 7 8 8
3 3 8 8 8 8 8 8 8 8
3 9 9 9 9 8 10 10 8 10
9 9 9 9 8 8 8 10 10 10

# level17 4
7
1 1 2 2 2 2 2
1 1 2 2 2 3 2
2 2 4 4 4 2 2
2 2 4 5 5 2 2
2 2 4 5 2 2 2
2 6 2 2 2 2 7
2 2 2 2 7 7 7

# level17 5
9
1 1 1 1 1 1 1 1 1
1 2 2 2 2 1 1 1 1
1 1 1 3 3 1 1 4 1
1 1 1 1 3 3 1 4 1
1 1 5 5 6 1 1 4 1
1 1 1 5 6 1 1 4 1
1 1 7 5 6 1 8 8 1
9 9 7 7 6 1 8 1 1
9 9 7 1 1 1 8 1 1

# level17 6
9
1 1 1 1 1 1 2 2 2
1 3 3 1 1 1 1 2 2
1 3 3 4 4 1 1 1 1
1 3 4 4 4 5 1 1 1
1 6 6 6 7 5 5 1 1
1 6 6 7 7 5 5 1 1
8 8 8 7 7 1 1 1 1
1 8 8 1 1 1 1 9 9
1 1 1 1 1 1 9 9 9

# level17 7
10
1 2 2 2 2 3 3 3 3 3
1 1 2 2 2 3 3 3 4 3
2 1 5 5 2 6 6 4 4 3
2 2 5 5 2 6 6 4 3 3
2 2 2 2 2 3 3 3 3 3
2 7 7 2 2 3 3 3 3 3
8 8 7 7 2 3 3 9 9 3
8 8 2 2 2 10 10 9 9 3
2 2 2 2 10 10 3 3 3 3
2 2 2 2 3 3 3 3 3 3

# level17 8
9
1 1 1 2 2 2 3 3 4
1 5 5 5 5 2 2 3 4
1 5 6 5 7 7 7 3 4
1 5 6 8 7 4 4 4 4
5 5 6 8 7 7 7 9 9
9 8 6 8 7 8 8 8 9
9 8 6 8 7 8 8 8 9
9 8 8 8 8 8 9 9 9
9 9 9 9 9 9 9 9 9

# level17 9
8
1 1 1 1 1 1 1 1
1 2 2 2 2 2 2 2
3 4 4 4 5 5 5 2
3 3 4 5 5 2 2 2
3 3 3 6 7 7 2 2
3 6 6 6 7 7 7 2
3 3 3 8 8 8 8 2
8 8 8 8 8 8 2 2

# level18 0
8
1 1 1 2 2 2 2 2
1 1 3 3 4 2 2 2
1 3 3 4 4 5 5 2
1 1 3 6 4 4 5 5
1 1 1 6 6 6 5 7
1 8 1 1 6 7 7 7
1 8 8 1 1 1 7 1
8 8 1 1 1 1 1 1

# level18 1
8
1 1 1 1 2 2 2 1
1 3 1 1 2 2 2 1
4 4 4 1 2 2 2 1
4 4 4 1 1 1 1 1
4 4 4 1 1 1 5 5
6 6 1 1 1 1 5 5
6 6 1 7 7 1 8 1
1 1 1 7 7 1 1 1

# level18 2
8
1 1 2 2 2 2 3 3
1 2 2 4 4 2 5 3
2 2 4 4 4 2 5 5
2 4 4 4 5 5 5 5
2 4 4 4 6 6 6 7
2 2 4 4 6 2 6 7
8 2 2 6 6 2 7 7
8 8 2 2 2 2 7 7

# level18 3
9
1 1 1 1 1 1 2 2 2
1 3 3 3 1 4 4 4 2
1 3 5 3 1 4 6 4 2
1 3 5 3 1 4 6 4 2
1 3 3 3 1 4 4 4 2
1 1 1 1 7 1 1 1 1
1 8 1 1 1 1 1 8 1
1 8 8 1 1 1 8 8 9
1 1 8 8 8 8 8 9 9

# level18 4
11
1 1 2 2 2 3 4 4 4 4 4
1 1 5 5 5 3 3 4 4 4 4
1 1 1 5 6 6 6 4 4 4 4
1 6 6 6 6 6 6 6 6 6 4
1 6 6 7 6 6 6 8 6 6 4
1 6 7 7 7 6 8 8 8 6 4
1 6 6 6 6 9 6 6 6 6 4
1 6 10 10 6 6 6 10 10 6 4
1 6 6 10 10 10 10 10 6 6 4
11 11 6 6 6 6 6 6 6 4 4
11 11 11 11 4 4 4 4 4 4 4

# level18 5
9
1 1 2 3 3 4 4 4 4
5 1 2 2 3 4 4 4 4
5 1 2 2 3 6 6 4 4
1 1 1 3 3 3 6 4 4
7 8 8 9 9 9 6 4 4
7 7 8 9 9 6 6 6 4
7 7 8 9 9 7 7 7 7
7 8 8 8 7 7 7 7 7
7 7 7 7 7 7 7 7 7

# level18 6
10
1 2 2 2 2 2 2 2 2 3
1 1 2 2 2 2 2 4 3 3
5 1 1 6 2 2 4 4 3 7
5 5 1 6 6 2 4 8 3 7
5 5 9 9 6 2 8 8 3 7
5 5 5 9 6 2 8 10 10 7
5 5 5 9 6 2 8 10 7 7
5 5 5 9 9 2 10 10 7 7
5 5 5 5 9 2 10 7 7 7
5 5 5 5 5 7 7 7 7 7

# level18 7
10
1 1 1 1 1 1 1 1 2 2
1 1 1 1 1 1 1 2 2 3
1 1 1 1 1 4 4 2 3 3
1 1 1 5 4 4 3 2 3 3
1 1 5 5 4 3 3 3 3 3
1 1 5 5 6 6 7 3 3 3
1 1 8 6 6 7 7 7 3 7
1 1 8 6 7 7 9 7 7 7
1 8 8 7 7 10 9 9 9 9
8 8 10 10 10 10 9 9 9 9

# level18 8
8
1 1 1 1 1 1 1 2
1 1 1 1 1 1 3 2
1 1 1 1 4 1 3 2
1 1 1 5 4 6 3 2
1 1 1 5 4 6 3 2
1 1 7 5 4 6 3 2
1 8 7 5 4 6 3 2
1 8 7 5 4 6 3 2

# level18 9
7
1 1 1 1 1 1 2
1 3 4 4 4 2 2
1 3 4 2 2 2 2
3 3 4 4 4 2 2
5 5 6 6 4 2 2
5 7 4 4 4 2 2
5 7 7 7 2 2 2

# level19 0
9
1 1 1 1 2 3 3 4 4
1 5 5 1 2 3 3 3 4
1 5 5 6 6 6 3 3 4
1 5 6 6 6 6 6 3 4
1 5 6 6 7 6 6 3 4
1 5 6 7 7 7 6 3 8
1 5 6 1 7 3 6 3 8
1 1 1 1 9 3 3 3 8
1 1 1 1 9 9 9 8 8

# level19 1
10
1 1 1 1 1 1 1 1 1 1
1 1 1 1 2 2 1 1 1 1
1 1 1 2 2 2 2 1 3 1
1 1 4 2 2 2 2 3 3 5
1 4 4 2 2 2 2 3 5 5
1 6 6 6 6 6 6 6 7 6
1 6 6 8 8 8 6 7 7 6
1 6 6 6 8 6 6 6 6 6
1 6 9 9 9 10 10 10 6 10
1 1 9 9 9 9 9 10 10 10

# level19 2
9
1 1 2 2 2 2 2 2 2
1 1 2 3 3 3 2 2 4
1 1 3 3 5 3 3 2 4
6 1 3 3 5 3 3 4 4
6 1 1 3 5 3 4 4 4
6 6 3 3 5 3 3 4 4
7 7 3 3 5 3 3 4 4
7 8 8 3 3 3 9 4 4
7 7 8 8 9 9 9 4 4

# level19 3
9
1 1 1 1 1 1 1 1 1
1 2 2 2 1 2 2 2 1
1 3 3 2 1 2 4 4 1
1 5 3 2 1 2 4 1 1
6 5 5 2 2 2 7 7 8
6 5 6 6 2 8 7 8 8
6 6 6 6 2 8 8 8 8
9 6 8 2 2 2 8 8 8
9 6 8 8 8 8 8 8 8

# level19 4
10
1 1 2 2 2 2 2 3 3 3
1 4 4 2 4 2 4 3 4 3
1 1 4 4 4 4 4 4 4 3
1 4 4 5 5 6 6 4 3 3
1 1 4 7 5 5 6 4 4 3
1 4 4 7 8 8 6 4 3 3
9 9 4 7 8 8 8 4 4 10
9 4 4 4 4 4 4 4 10 10
9 4 9 4 9 4 9 4 4 10
9 9 9 9 9 9 9 10 10 10

# level19 5
8
1 1 1 1 1 1 1 1
2 1 1 1 1 1 1 1
2 3 3 1 4 4 1 1
2 2 3 1 5 4 1 1
2 2 3 5 5 4 1 1
2 3 3 3 4 4 4 6
2 7 7 7 6 6 6 6
8 8 8 7 7 6 6 6

# level19 6
7
1 2 2 3 3 4 4
1 1 2 2 3 4 4
1 2 2 2 2 5 5
2 2 2 2 2 2 5
2 2 6 2 2 2 2
2 6 6 6 2 2 2
7 7 7 7 7 2 2

# level19 7
10
1 2 1 1 1 3 1 1 1 1
1 2 2 1 3 3 3 1 4 1
1 2 1 1 1 1 1 1 4 1
1 1 1 5 5 1 4 4 4 1
6 6 1 5 5 1 1 1 1 1
1 6 1 1 1 1 7 1 8 1
1 1 1 1 7 7 7 1 8 1
1 9 1 1 1 1 1 1 8 1
1 9 9 1 10 10 10 1 8 8
1 9 1 1 1 10 10 1 1 1

# level19 8
8
1 2 2 2 2 2 2 2
1 3 4 4 4 2 2 1
1 3 3 3 5 5 2 1
1 1 6 3 5 6 1 1
1 7 6 6 5 6 8 1
1 7 6 6 6 6 8 1
1 7 7 7 7 8 8 1
1 1 1 1 1 1 1 1

# level19 9
9
1 2 2 2 2 2 3 3 3
1 1 4 4 4 2 5 5 3
1 4 4 4 4 6 5 5 3
1 4 4 4 6 6 6 3 3
1 4 4 7 7 6 3 3 3
4 4 8 7 7 3 3 3 3
4 8 8 8 3 3 3 3 3
9 9 8 3 3 3 3 3 3
9 9 3 3 3 3 3 3 3

# level20 0
11
1 1 1 2 2 2 2 2 2 2 2
3 3 1 2 2 2 2 2 2 2 2
1 1 1 2 2 2 2 2 2 2 2
1 2 2 2 4 4 4 2 5 5 2
1 1 1 2 4 6 4 2 2 5 2
7 7 7 2 4 6 4 5 5 5 2
7 2 2 2 4 6 4 5 8 8 8
7 2 9 9 4 4 4 5 8 10 8
7 2 9 2 11 11 5 5 8 10 8
7 2 9 2 2 11 11 5 8 10 8
2 2 2 2 2 11 5 5 8 8 8

# level20 1
9
1 1 1 1 1 1 1 1 1
1 1 1 1 2 1 1 1 1
1 1 1 1 2 1 1 3 1
1 1 1 2 2 4 4 3 1
1 1 1 2 2 4 4 3 5
1 6 6 6 7 4 3 3 5
8 6 7 7 7 4 3 5 5
8 6 6 6 7 9 5 5 9
8 8 8 8 7 9 9 9 9

# level20 2
7
1 1 1 2 2 3 3
1 4 1 2 2 2 3
1 4 4 2 2 2 2
2 2 2 2 2 2 2
2 2 2 2 5 5 6
7 2 2 2 5 6 6
7 7 2 2 6 6 6

# level20 3
7
1 2 2 2 2 2 2
1 1 2 3 3 4 2
5 1 1 3 4 4 2
5 5 1 4 4 4 2
6 5 1 1 4 2 2
6 6 6 7 2 2 2
6 6 6 7 2 2 2

# level20 4
9
1 1 1 1 1 1 1 1 1
1 1 1 1 2 1 1 1 1
1 2 2 2 2 2 3 3 1
1 1 4 4 2 3 3 1 1
5 1 1 4 2 3 1 1 6
5 5 1 1 2 1 1 6 6
7 5 5 1 1 1 8 9 6
7 7 5 5 1 8 8 9 6
7 5 5 5 5 5 9 9 9

# level20 5
9
1 1 2 2 2 3 3 1 1
1 1 1 1 2 2 3 3 1
1 4 4 1 1 1 1 1 1
5 5 4 4 4 1 1 6 1
1 5 5 5 7 7 1 6 1
1 8 8 7 7 9 6 6 1
1 1 8 8 9 9 6 1 1
1 1 1 1 9 1 1 1 1
1 1 1 1 1 1 1 1 1

# level20 6
8
1 1 1 2 3 3 3 4
1 2 2 2 2 2 3 4
1 1 1 2 5 5 5 4
1 6 6 6 6 5 5 4
1 6 7 4 4 4 4 4
7 7 7 4 4 4 4 4
8 7 8 4 4 4 4 4
8 8 8 4 4 4 4 4

# level20 7
10
1 2 2 2 3 3 3 3 3 4
1 2 3 3 3 3 3 3 3 4
1 2 3 4 4 4 4 4 4 4
1 5 5 4 4 4 4 4 4 4
1 5 6 6 6 6 6 6 6 4
1 5 6 6 6 6 7 7 6 4
1 1 1 1 1 1 1 7 8 4
1 1 1 1 1 1 1 7 8 4
1 9 10 10 7 7 7 7 8 4
1 9 9 10 10 8 8 8 8 4

# level20 8
9
1 2 2 2 2 2 3 3 3
1 1 1 3 3 2 4 4 3
3 3 3 3 3 2 4 3 3
3 3 5 5 5 5 4 3 3
3 3 5 6 6 6 7 3 3
3 3 8 6 7 7 7 3 3
3 3 8 6 3 3 3 3 3
3 3 8 8 3 3 3 3 9
3 3 3 3 3 3 9 9 9

# level20 9
8
1 1 1 1 1 2 1 1
3 3 3 3 1 2 1 4
1 1 1 1 1 2 1 4
1 5 5 5 1 2 1 4
1 1 1 1 1 1 1 1
1 6 1 7 1 8 8 8
1 6 1 7 1 1 1 1
1 1 1 7 1 1 1 1

# level21 0
8
1 1 1 2 2 2 2 2
1 3 1 2 2 2 2 2
1 3 1 2 2 2 2 2
1 3 4 4 4 5 5 5
1 3 4 4 4 5 6 5
7 3 4 4 4 6 6 5
3 3 4 4 4 6 8 5
3 3 4 4 4 6 8 8

# level21 1
8
1 1 1 1 1 1 1 1
2 3 3 3 4 4 4 1
2 3 5 5 5 5 4 1
2 3 3 5 5 6 6 1
2 2 6 5 5 6 1 1
2 2 6 7 7 6 1 1
8 8 6 6 6 6 1 1
8 1 1 1 1 1 1 1

# level21 2
9
1 2 2 2 2 2 2 2 2
1 1 3 3 3 3 3 2 2
1 3 3 3 3 4 3 3 5
1 3 6 3 3 4 4 3 5
1 3 3 3 3 3 3 3 5
1 3 3 7 7 3 8 3 5
1 3 3 7 7 3 3 3 5
1 1 3 3 3 3 3 5 5
1 1 9 9 9 9 9 9 9

# level21 3
9
1 1 1 1 1 1 1 1 1
1 2 2 2 2 2 2 3 4
1 2 5 5 5 5 5 3 4
1 2 5 6 6 6 5 3 4
1 4 5 6 7 6 5 3 4
1 4 8 6 7 7 5 3 4
1 4 8 5 5 5 5 9 4
1 4 8 8 8 8 9 9 4
1 4 4 4 4 4 4 4 4

# level21 4
10
1 1 1 1 1 1 1 1 1 1
2 2 3 3 3 3 3 3 3 3
2 4 4 4 4 4 4 4 4 3
2 4 5 5 5 5 5 5 4 3
6 4 5 7 7 7 7 5 4 3
6 4 5 8 8 8 8 5 4 3
4 4 5 8 9 9 8 5 4 4
4 4 5 8 10 9 8 5 4 4
5 5 5 8 9 9 8 5 5 5
8 8 8 8 9 9 8 8 8 8

# level21 5
9
1 2 2 2 2 2 2 2 2
1 1 2 3 3 3 2 2 2
1 2 2 3 4 3 2 2 2
1 5 2 4 4 4 6 6 2
1 5 4 4 4 4 4 6 2
1 5 5 7 4 7 6 6 2
1 1 1 7 4 7 2 2 2
8 9 9 7 7 7 2 2 2
8 8 9 9 9 9 9 2 2

# level21 6
7
1 1 1 2 3 3 3
1 1 1 4 3 3 3
1 1 4 4 4 5 5
1 4 4 4 4 4 5
1 1 4 4 4 6 6
7 7 4 7 4 6 6
7 7 7 7 6 6 6

# level21 7
8
1 1 1 1 1 1 1 1
1 2 2 1 1 3 3 1
4 2 4 1 1 5 3 6
4 2 4 1 1 5 5 6
4 4 4 1 1 6 5 6
7 8 8 1 1 6 5 6
7 8 8 1 1 6 5 6
7 7 7 7 6 6 6 6

# level21 8
8
1 1 1 1 1 2 2 2
1 3 3 3 3 3 2 2
3 3 3 3 3 2 2 2
4 4 5 5 5 2 2 2
4 6 7 5 5 2 2 8
4 6 7 7 5 2 8 8
5 6 6 5 5 2 8 8
5 5 5 5 5 2 2 8

# level21 9
8
1 1 1 1 1 1 2 2
1 1 3 3 1 1 1 2
4 1 1 1 1 1 1 2
4 1 1 5 5 1 1 1
4 4 1 1 1 1 1 1
1 1 1 1 1 6 6 1
7 1 1 1 1 1 1 1
7 7 7 1 1 1 8 8

# level22 0
10
1 1 1 2 2 2 3 3 3 3
1 4 4 2 5 3 3 3 3 3
4 4 4 2 5 3 3 3 3 3
4 5 5 5 5 5 5 5 5 3
5 5 5 5 5 5 6 5 5 5
5 5 5 5 7 5 6 5 5 5
5 5 8 5 7 5 6 5 5 5
9 5 8 5 7 7 6 6 10 5
9 5 8 8 7 7 6 6 10 5
9 9 8 8 7 7 6 6 10 10

# level22 1
8
1 1 1 1 1 1 1 1
2 3 1 3 4 1 4 1
2 3 3 3 4 4 4 1
2 2 3 5 5 4 1 1
2 6 3 6 7 4 7 1
2 6 6 6 7 7 7 1
2 2 6 8 8 7 2 1
2 2 2 2 2 2 2 1

# level22 2
9
1 1 1 1 2 2 2 2 3
4 1 1 2 2 5 5 3 3
4 4 1 6 6 5 3 3 4
4 6 6 6 6 3 3 4 4
4 6 4 4 4 4 4 4 7
4 4 4 8 8 4 9 7 7
4 4 8 8 4 4 9 9 7
4 8 8 4 4 4 4 9 9
8 8 4 4 4 4 4 4 9

# level22 3
7
1 1 2 2 2 1 3
1 1 1 1 2 1 3
1 1 1 1 1 1 3
1 1 1 1 1 4 3
1 1 5 1 1 4 4
6 6 5 1 1 7 4
6 6 5 5 7 7 7

# level22 4
9
1 2 2 2 2 2 2 2 2
1 1 3 3 3 3 3 2 2
1 3 3 4 3 3 3 3 2
1 4 4 4 3 5 5 3 2
1 3 3 3 3 5 3 3 2
1 6 3 7 3 3 3 2 2
8 6 6 3 3 3 2 2 2
8 6 8 8 3 9 9 2 2
8 8 8 8 8 9 9 9 9

# level22 5
8
1 1 1 2 2 3 3 3
1 4 2 2 2 2 5 3
1 4 4 4 5 5 5 3
1 1 4 6 6 5 7 3
3 1 4 6 6 5 7 3
3 1 8 8 8 8 7 3
3 1 1 7 7 7 7 3
3 3 3 3 3 3 3 3

# level22 6
9
1 1 1 1 1 1 2 2 2
1 1 1 1 3 1 1 1 2
1 1 1 1 3 4 4 4 2
1 3 3 3 3 4 2 2 2
1 1 5 6 6 4 2 2 2
1 1 5 6 6 4 2 2 2
1 5 5 7 6 4 2 8 2
1 9 7 7 8 8 8 8 2
9 9 7 7 2 2 2 2 2

# level22 7
9
1 1 1 1 1 1 2 2 2
1 1 1 2 2 2 2 2 2
3 4 4 2 2 5 5 5 2
3 3 4 2 6 6 6 5 2
3 7 4 6 6 5 5 5 2
7 7 4 6 8 8 8 5 2
7 4 4 4 8 5 5 5 2
7 9 9 9 9 9 9 2 2
9 9 9 9 9 9 2 2 2

# level22 8
9
1 1 1 1 2 2 2 2 2
1 1 3 4 2 2 2 2 2
1 3 3 4 4 4 2 5 5
1 1 3 4 2 2 2 5 5
1 1 1 2 2 2 2 2 5
1 6 1 1 7 8 2 2 5
6 6 6 7 7 8 8 8 5
9 6 9 5 7 8 5 5 5
9 9 9 5 5 5 5 5 5

# level22 9
9
1 1 2 2 2 3 3 3 3
1 4 4 4 2 3 2 5 3
1 1 1 4 2 2 2 5 3
6 7 7 4 4 4 8 5 3
6 7 9 9 9 4 8 5 3
6 7 9 8 4 4 8 5 3
6 7 9 8 8 8 8 5 3
5 7 5 5 5 5 5 5 3
5 5 5 3 3 3 3 3 3

# level23 0
8
1 1 1 1 1 1 1 2
3 3 3 3 3 3 2 2
2 2 2 2 2 2 2 2
2 2 4 4 4 4 4 2
2 2 5 2 2 6 2 2
2 2 5 2 2 2 2 2
7 2 5 2 2 2 2 2
7 2 5 8 8 8 2 2

# level23 1
8
1 1 1 1 1 1 1 1
1 1 2 2 2 2 1 1
1 1 2 2 2 2 1 3
4 1 2 2 2 2 1 3
4 1 1 5 5 1 1 3
4 4 6 6 6 6 3 3
4 4 6 6 6 6 7 7
4 4 4 8 8 7 7 7

# level23 2
10
1 1 1 1 1 1 1 1 1 1
1 1 1 1 1 1 1 2 2 1
1 3 3 3 3 1 1 1 2 1
4 4 1 1 3 5 1 1 2 1
4 1 1 1 1 5 1 6 6 1
4 1 1 1 1 5 1 6 1 1
7 1 1 1 1 5 5 6 1 1
7 7 7 8 1 1 1 1 1 1
9 9 9 8 8 8 10 10 10 1
9 9 9 9 9 9 9 9 10 1

# level23 3
9
1 1 1 2 2 2 2 2 2
3 3 1 4 4 2 2 2 2
1 3 1 1 4 4 2 2 2
1 1 1 1 4 4 4 2 2
5 6 6 1 4 4 4 4 2
5 5 5 5 4 4 4 7 2
5 8 5 5 4 4 9 7 7
8 8 5 4 4 9 9 7 7
8 5 5 5 5 5 9 9 7

# level23 4
9
1 1 1 1 1 1 1 1 1
2 1 2 2 2 2 2 1 2
2 2 2 3 2 4 2 2 2
2 5 3 3 6 4 4 5 2
2 5 5 6 6 6 5 5 2
2 2 5 5 5 5 5 2 2
7 7 7 5 8 5 9 9 9
7 5 5 5 8 5 5 5 9
7 5 8 8 8 5 5 5 9

# level23 5
10
1 1 1 1 1 1 1 2 2 3
1 4 1 4 5 1 2 2 3 3
1 4 4 4 1 1 6 2 2 3
1 6 4 6 6 6 6 6 6 3
1 6 6 6 6 6 3 6 6 3
1 6 6 6 6 3 3 3 3 3
6 6 6 6 6 6 3 7 3 3
6 8 8 3 3 6 7 7 7 3
9 9 8 8 3 10 7 3 7 3
9 8 8 3 3 3 3 3 3 3

# level23 6
9
1 1 2 2 2 2 3 3 3
4 1 1 2 2 2 2 2 3
4 4 1 2 2 5 3 3 3
4 4 6 6 7 5 5 3 3
4 6 6 8 7 7 5 5 3
4 6 9 8 8 7 7 3 3
4 4 9 9 8 8 4 4 4
4 4 4 9 9 4 4 4 4
4 4 4 4 4 4 4 4 4

# level23 7
8
1 2 2 2 2 2 2 3
1 1 1 2 4 3 3 3
5 1 2 2 4 3 2 2
2 2 2 2 4 2 2 2
2 2 2 2 2 2 6 2
7 2 2 2 2 8 6 2
7 2 2 2 2 8 8 2
7 7 7 2 2 2 8 8

# level23 8
9
1 1 1 1 1 1 2 2 2
1 3 3 4 4 4 4 5 2
1 4 4 4 4 4 4 5 2
6 4 4 4 4 4 4 4 2
6 4 4 4 4 4 4 4 2
6 4 4 4 4 4 4 4 7
6 8 4 4 4 4 4 4 7
6 8 4 4 4 4 9 9 7
6 6 6 6 7 7 7 7 7

# level23 9
9
1 1 1 1 1 1 1 1 1
1 1 1 1 2 1 1 1 1
1 1 3 3 4 4 1 1 1
1 3 3 5 5 4 4 1 1
3 3 5 5 6 7 4 4 1
3 5 5 5 6 7 4 4 4
8 5 5 5 6 7 7 7 7
8 8 8 6 6 6 9 9 7
8 6 6 6 6 6 6 9 9

# level24 0
8
1 2 2 2 2 2 2 2
1 2 3 3 3 3 1 2
1 2 4 5 5 3 1 2
1 1 4 5 5 6 1 1
1 1 4 5 5 6 1 1
1 7 4 7 8 6 8 1
1 7 7 7 8 8 8 1
1 1 1 1 1 1 1 1

# level24 1
8
1 1 1 2 3 3 3 3
1 1 4 2 2 2 2 3
1 4 4 5 5 5 2 3
3 3 5 5 6 2 2 3
3 3 5 6 6 7 7 3
3 3 5 3 7 7 8 3
3 3 3 3 7 8 8 3
3 3 3 3 3 3 3 3

# level24 2
10
1 1 1 2 2 2 3 3 3 3
1 1 1 1 2 2 2 2 4 3
1 1 5 5 5 5 5 4 4 4
6 1 5 5 5 5 5 5 4 7
6 6 5 5 5 5 5 5 7 7
6 6 5 5 5 5 5 5 7 7
8 6 5 5 5 5 5 5 9 7
8 8 5 5 5 5 5 5 9 7
8 8 8 10 10 9 9 9 9 10
8 8 8 10 10 10 10 10 10 10

# level24 3
10
1 2 2 2 2 3 3 3 3 3
1 4 4 4 2 3 5 5 3 3
1 6 6 4 2 3 3 5 5 3
1 1 6 6 2 3 3 5 3 3
7 7 7 6 2 3 3 5 8 3
2 2 7 2 2 3 3 5 8 3
2 2 7 2 2 3 3 9 8 8
2 2 2 2 2 3 3 9 9 8
2 2 2 2 2 3 10 10 9 9
2 2 2 2 2 3 3 10 10 10

# level24 4
8
1 1 1 1 1 1 1 1
1 2 2 2 1 1 3 3
1 2 2 2 4 4 3 3
1 2 2 2 4 4 1 1
1 1 1 5 6 6 1 1
7 7 1 1 6 6 1 1
7 7 1 1 1 1 1 1
1 1 1 8 8 8 8 1

# level24 5
11
1 1 1 1 1 2 2 2 3 3 3
1 1 1 1 1 2 4 2 3 5 3
1 1 6 6 6 2 4 2 5 5 3
1 1 1 1 6 2 4 2 5 3 3
1 1 6 6 6 2 2 2 3 3 3
1 1 6 7 7 7 8 9 8 3 3
1 1 6 6 6 7 8 9 8 3 3
1 1 1 7 7 7 8 8 8 3 1
1 10 1 7 11 11 11 11 8 3 1
10 10 1 7 7 7 11 11 8 3 1
10 1 1 1 1 1 1 1 1 1 1

# level24 6
11
1 2 2 2 3 4 4 4 3 5 5
1 1 1 2 3 4 6 4 3 7 5
8 2 2 2 3 4 6 4 3 7 5
8 2 3 3 3 4 6 4 3 7 5
8 2 2 2 3 4 4 4 3 7 7
8 8 3 3 3 3 3 3 3 3 7
8 3 3 9 9 9 3 10 10 10 11
8 8 3 3 3 9 3 10 11 11 11
8 3 3 9 9 9 3 10 10 10 11
8 8 3 9 3 3 3 3 3 10 11
8 8 3 9 9 9 3 10 10 10 11

# level24 7
8
1 2 2 2 2 2 2 2
1 3 3 3 3 3 3 2
1 3 4 4 4 4 3 2
1 5 6 4 4 4 3 2
1 5 6 7 4 4 8 2
1 5 6 7 7 4 8 2
1 5 5 5 8 8 8 2
1 1 1 1 1 2 2 2

# level24 8
9
1 1 1 2 2 2 2 2 2
3 1 4 2 5 2 6 2 5
3 4 4 2 5 2 6 2 5
3 3 4 2 5 6 6 6 5
3 3 3 2 5 5 5 5 5
3 7 3 2 2 2 2 2 2
7 7 3 3 3 3 8 8 8
7 9 9 9 8 3 8 8 8
9 9 9 8 8 8 8 8 8

# level24 9
10
1 1 1 2 2 2 2 2 2 2
1 3 3 3 3 4 4 4 5 2
1 3 3 4 4 4 4 5 5 6
7 3 3 4 4 8 8 5 8 6
7 3 4 4 4 8 8 8 8 6
7 9 9 4 8 8 10 10 10 6
7 9 4 4 8 10 10 10 10 6
7 9 4 8 8 10 10 10 10 6
7 9 8 8 8 8 10 10 10 6
7 7 6 6 6 6 6 6 6 6

# level25 0
11
1 1 1 1 2 2 2 2 2 2 2
1 3 3 3 2 4 4 4 4 5 2
1 1 1 3 6 6 6 4 4 5 5
1 3 3 3 6 4 4 4 4 5 5
1 3 7 7 6 6 6 8 8 8 5
1 3 3 3 9 9 6 8 10 8 5
1 1 1 1 6 6 6 8 10 8 5
1 1 11 1 1 1 1 8 10 8 5
1 1 11 11 11 1 1 8 8 8 11
1 1 1 11 11 11 11 11 11 11 11
1 1 1 1 1 1 1 1 11 11 11

# level25 1
7
1 2 2 2 3 3 3
1 1 4 2 3 3 3
1 1 4 4 3 3 3
1 1 5 5 5 3 3
1 1 1 6 6 3 3
1 1 1 6 6 3 3
1 1 1 7 7 7 3

# level25 2
8
1 1 1 1 1 1 1 1
1 1 1 2 2 3 3 1
1 1 2 2 2 2 3 1
1 2 2 4 4 2 2 1
2 2 4 4 4 5 2 2
2 6 6 4 4 5 5 2
7 6 6 4 4 8 5 5
7 7 6 4 4 8 8 8

# level25 3
8
1 2 2 2 2 3 3 3
1 2 4 4 4 4 5 3
1 2 4 5 5 5 5 6
1 1 4 4 4 4 6 6
7 7 4 8 8 8 8 6
7 7 4 8 7 7 7 7
7 7 4 4 4 4 7 7
7 7 7 7 7 7 7 7

# level25 4
9
1 1 1 1 1 1 1 1 1
1 1 2 2 2 2 2 1 1
1 1 2 3 3 3 2 1 1
1 1 2 2 3 2 2 4 4
1 5 5 2 2 2 6 6 4
5 5 7 7 2 6 6 4 4
8 5 5 7 9 6 4 4 4
8 5 5 7 9 6 4 4 4
8 8 8 4 4 4 4 4 4

# level25 5
8
1 1 1 2 2 3 3 3
1 4 5 5 2 2 4 3
1 4 4 5 5 4 4 3
1 4 4 4 5 4 4 6
1 4 4 4 4 4 4 6
1 4 7 7 7 7 4 6
8 7 7 7 7 7 7 6
8 8 8 8 6 6 6 6

# level25 6
9
1 1 1 1 1 2 2 2 1
1 3 3 1 1 2 2 4 1
1 3 3 3 1 1 4 4 1
1 5 6 1 1 1 4 4 1
5 5 6 6 1 1 1 1 1
5 5 6 6 1 7 8 8 8
1 9 9 9 1 7 7 8 8
1 9 9 1 1 7 7 1 1
1 1 1 1 1 1 1 1 1

# level25 7
10
1 1 1 1 1 2 2 3 3 3
1 1 1 1 1 2 1 1 1 3
1 1 4 1 1 2 1 1 1 1
1 4 4 4 1 1 1 1 1 5
1 1 6 6 6 1 1 7 1 5
8 8 8 6 8 8 8 7 5 5
8 8 8 8 8 8 8 7 7 8
8 8 8 8 8 9 8 8 8 8
8 8 8 10 9 9 8 8 8 8
8 8 10 10 10 9 8 8 8 8

# level25 8
7
1 1 1 1 2 2 2
1 3 1 1 2 2 2
1 1 1 4 4 2 5
1 1 4 4 5 5 5
1 6 4 4 5 7 5
6 6 6 4 5 5 5
6 6 6 4 4 5 5

# level25 9
8
1 1 2 3 3 2 2 4
1 1 2 2 3 2 4 4
2 2 2 2 3 2 4 2
2 5 2 2 2 2 2 2
5 5 5 2 2 6 6 2
2 2 2 2 6 6 2 2
7 2 2 2 2 2 2 2
7 7 7 2 8 8 8 8

# level26 0
9
1 1 1 1 2 2 3 3 3
1 1 1 1 2 4 4 3 3
1 1 1 1 2 4 5 3 3
1 1 1 1 2 4 5 5 3
1 1 1 1 1 1 1 1 1
6 7 7 7 8 1 1 1 1
6 7 7 8 8 1 1 1 1
6 6 6 9 8 1 1 1 1
6 9 9 9 8 1 1 1 1

# level26 1
8
1 1 2 3 3 2 2 2
1 2 2 3 2 2 4 4
2 2 2 2 2 2 2 4
5 5 2 6 6 2 2 2
5 2 2 2 6 2 2 2
5 2 2 2 2 2 2 2
5 2 7 7 2 8 8 2
5 2 2 7 2 2 8 2

# level26 2
9
1 2 2 2 2 2 2 2 2
1 3 3 4 4 4 4 4 2
1 3 5 5 5 5 6 4 2
1 7 5 5 5 5 6 4 2
1 7 7 5 5 5 6 6 2
1 8 7 7 5 5 6 9 2
1 8 7 7 6 6 6 9 2
1 8 8 7 7 7 9 9 2
1 1 1 1 1 1 1 1 1

# level26 3
10
1 1 1 1 1 1 1 1 1 1
2 1 1 1 3 4 1 1 1 2
2 2 3 3 3 4 1 1 2 2
2 2 2 2 4 4 2 2 2 2
2 2 2 2 2 2 2 5 5 2
2 2 2 2 6 6 2 2 2 2
7 7 2 2 8 6 2 2 9 9
7 7 7 8 8 6 6 6 6 9
7 8 8 8 10 10 6 6 9 9
7 7 8 10 10 10 6 9 9 9

# level26 4
10
1 1 1 2 2 3 3 3 3 4
3 1 1 2 3 3 3 3 5 4
3 3 1 3 3 3 3 5 5 5
3 3 3 3 6 6 3 3 5 5
3 3 3 6 6 6 6 3 3 5
7 3 3 6 6 6 6 3 3 3
7 7 3 3 6 6 3 3 3 3
7 7 7 3 3 3 3 8 3 3
9 9 3 3 3 3 8 8 8 3
9 3 3 3 3 10 8 8 8 8

# level26 5
7
1 2 2 2 2 2 3
1 1 2 2 2 3 3
1 1 2 2 2 3 3
1 1 4 4 4 3 5
1 1 1 4 6 6 5
1 1 7 7 7 6 6
1 1 1 7 6 6 6

# level26 6
8
1 1 1 2 3 4 4 4
5 1 2 2 3 3 3 4
5 5 5 2 3 3 3 4
5 5 2 2 3 3 3 3
3 3 3 3 3 3 3 3
6 3 3 3 3 7 7 8
6 3 3 3 3 7 8 8
6 6 6 3 3 7 7 8

# level26 7
9
1 1 1 2 3 3 3 4 4
5 1 2 2 3 3 4 4 4
5 2 2 6 6 6 6 5 4
5 5 2 2 5 5 5 5 4
5 5 5 2 5 7 5 5 4
5 5 5 5 5 7 7 5 5
5 5 5 8 8 8 7 7 5
5 5 9 9 9 7 7 5 5
5 9 9 9 9 7 5 5 5

# level26 8
9
1 1 1 1 1 2 2 2 2
1 1 3 2 2 2 3 4 2
1 5 3 2 2 2 3 4 4
5 5 3 3 2 3 3 4 4
5 6 3 3 3 3 3 4 4
6 6 7 7 3 8 8 8 8
6 7 7 7 3 8 8 8 8
6 9 9 3 3 3 8 8 8
9 9 3 3 3 3 3 8 8

# level26 9
8
1 1 1 2 2 2 2 2
1 2 2 2 3 3 3 2
1 1 2 2 3 3 2 2
1 4 4 5 5 6 6 2
1 4 4 5 5 6 6 2
7 4 8 8 5 6 2 2
7 7 8 8 2 2 2 2
7 7 8 2 2 2 2 2

# level27 0
10
1 2 3 3 3 3 3 3 4 4
2 2 2 3 3 3 5 3 4 4
3 2 3 3 3 3 5 3 4 4
3 3 3 3 5 5 5 5 5 6
3 3 3 3 3 3 5 6 6 6
3 3 3 3 7 7 5 7 7 6
3 8 3 3 7 7 7 7 9 6
8 8 8 7 7 7 7 9 9 9
10 8 10 10 7 7 7 7 9 7
10 10 10 7 7 7 7 7 7 7

# level27 1
10
1 1 1 1 2 2 3 3 3 3
1 4 4 2 2 5 5 4 4 3
1 1 4 4 2 5 4 4 3 3
6 1 6 4 7 5 4 3 3 3
6 6 6 4 7 5 4 3 8 3
6 6 9 4 4 4 4 3 8 3
6 6 9 4 4 4 4 3 8 8
10 6 9 4 4 4 4 9 9 8
10 6 9 9 4 4 9 9 8 8
10 10 9 9 9 9 9 9 9 8

# level27 2
7
1 1 2 2 2 3 4
1 1 2 2 2 4 4
1 1 1 5 4 4 4
1 5 5 5 5 5 4
1 1 6 6 6 4 4
1 1 6 7 6 4 4
1 1 6 7 6 4 4

# level27 3
8
1 1 1 1 1 1 1 1
1 2 2 3 1 1 1 1
2 2 3 3 4 5 5 1
6 6 3 4 4 5 1 1
6 6 6 6 4 7 7 1
6 6 6 6 6 6 7 8
6 6 6 6 6 6 8 8
6 6 6 6 6 6 6 8

# level27 4
8
1 1 1 1 1 1 1 1
1 1 2 2 3 3 3 1
4 4 4 2 3 5 1 1
4 6 4 2 2 5 1 1
4 4 4 7 7 5 1 1
4 8 8 8 7 5 5 5
8 8 8 8 7 7 8 8
8 8 8 8 8 8 8 8

# level27 5
9
1 1 1 1 1 1 1 1 1
2 1 1 1 1 1 1 1 1
2 1 1 1 1 1 3 1 1
2 4 4 4 4 1 3 3 3
2 2 5 4 4 1 6 6 6
7 2 5 4 4 1 6 8 8
7 2 5 9 4 1 6 6 8
7 2 5 9 4 1 6 8 8
7 7 5 9 9 9 6 6 6

# level27 6
9
1 1 1 1 1 1 1 1 1
2 2 1 1 1 1 3 3 1
4 2 1 1 1 1 1 3 1
4 2 5 6 6 6 7 3 1
4 2 5 5 5 7 7 3 1
4 2 5 8 8 8 7 3 1
4 2 9 9 7 7 7 3 1
2 2 2 9 7 9 3 3 3
9 9 9 9 9 9 9 9 9

# level27 7
10
1 2 3 3 3 4 4 4 4 4
1 2 2 3 3 4 4 4 5 5
1 2 2 3 3 6 4 4 4 5
1 1 2 3 3 6 4 4 4 5
2 1 2 3 3 6 6 4 4 5
2 2 2 3 3 7 6 4 4 5
2 2 2 2 3 7 7 5 5 5
8 3 3 3 3 9 9 5 5 5
8 3 10 3 3 9 9 5 5 9
8 8 10 10 3 9 9 9 9 9

# level27 8
9
1 1 1 1 1 1 1 1 1
1 1 1 2 2 2 1 1 1
3 3 1 2 2 2 1 1 1
3 4 4 2 2 2 5 1 5
3 3 4 4 2 5 5 5 5
6 3 6 4 2 5 7 8 5
6 6 6 6 2 9 7 8 8
6 6 6 6 2 9 7 7 8
6 6 6 6 2 9 9 7 8

# level27 9
8
1 1 1 1 1 2 2 3
1 1 1 4 1 2 2 3
1 1 5 5 5 5 3 3
1 1 5 6 6 5 3 3
1 1 5 6 6 5 7 3
1 1 5 5 5 5 3 3
1 8 8 3 3 3 3 3
1 8 8 3 3 3 3 3

# level28 0
8
1 2 2 2 2 2 3 3
2 2 2 4 4 4 3 3
2 2 4 4 4 4 4 4
2 4 4 4 5 5 5 4
6 6 6 6 7 7 5 4
6 6 6 6 7 8 8 8
6 6 6 6 7 8 8 8
6 6 6 6 7 8 8 8

# level28 1
8
1 1 1 1 2 2 2 2
1 3 3 3 4 2 4 2
1 1 3 4 4 4 4 4
1 1 3 4 5 4 5 4
1 3 3 3 5 4 5 6
1 7 7 7 5 8 5 6
1 7 1 7 5 5 5 6
1 1 1 7 7 6 6 6

# level28 2
9
1 2 2 2 2 2 2 2 2
1 1 1 2 2 2 2 2 2
1 2 2 2 2 3 2 2 2
4 4 4 2 3 3 3 5 5
4 2 2 2 2 2 3 5 5
4 2 2 2 2 2 2 6 5
7 7 2 2 8 2 2 6 6
7 2 2 8 8 9 2 2 6
7 7 8 8 9 9 9 9 6

# level28 3
8
1 1 1 2 2 2 2 2
1 3 3 3 3 2 2 2
1 4 4 4 3 2 2 2
1 4 1 3 3 3 2 2
1 1 1 1 3 5 5 5
1 6 1 1 3 7 5 7
6 6 1 1 3 7 7 7
6 6 6 6 6 7 8 7

# level28 4
10
1 2 2 2 2 2 3 3 3 3
1 1 2 2 2 2 3 4 3 3
1 1 2 2 2 2 3 4 3 3
1 1 5 5 5 4 4 4 3 3
1 1 6 6 6 6 7 4 3 3
1 1 8 7 7 7 7 4 3 3
1 1 8 8 8 8 8 4 3 3
9 9 9 9 10 10 9 9 9 3
9 9 10 10 10 9 9 9 3 3
9 9 9 9 9 9 9 9 9 9

# level28 5
9
1 1 2 2 3 4 4 4 4
1 1 2 3 3 3 5 5 4
1 1 6 6 3 6 6 5 4
1 6 6 6 6 6 6 6 4
1 6 6 6 6 6 6 6 4
1 1 6 6 6 6 6 4 4
1 1 7 6 6 6 4 4 8
1 7 7 7 6 9 4 4 8
1 1 1 7 9 9 8 8 8

# level28 6
7
1 1 1 1 2 2 2
1 3 3 1 1 1 2
1 1 1 1 2 2 2
4 5 5 5 5 2 6
4 4 4 4 6 6 6
4 4 7 4 4 6 6
4 4 4 4 6 6 6

# level28 7
8
1 1 1 2 2 3 4 4
1 1 5 2 3 3 3 4
1 1 5 5 3 3 3 4
1 1 6 5 7 3 4 4
1 6 6 6 7 7 4 4
1 1 6 8 8 4 4 4
1 1 1 8 8 8 4 4
1 1 1 8 8 4 4 4

# level28 8
9
1 1 1 1 1 1 1 1 2
1 3 3 3 3 3 4 4 2
1 5 3 6 6 6 6 4 2
1 5 5 6 7 6 6 8 2
1 5 2 2 7 7 6 8 2
1 5 2 2 2 9 6 8 2
2 2 2 2 2 9 8 8 2
2 2 2 9 9 9 9 8 2
2 2 2 2 2 2 2 2 2

# level28 9
9
1 1 1 1 1 1 2 2 3
1 1 4 1 1 1 5 2 3
1 4 4 4 1 5 5 5 3
1 1 4 6 6 6 5 3 3
1 1 1 6 6 6 3 3 1
1 1 7 6 6 6 8 1 1
1 7 7 7 9 8 8 8 1
1 1 7 1 9 9 8 1 1
1 1 1 1 1 1 1 1 1

# level29 0
9
1 1 1 1 1 1 1 1 1
1 2 2 2 2 3 3 1 4
1 2 2 5 2 5 3 1 4
1 2 5 5 5 5 5 4 4
2 2 5 5 5 5 5 4 4
6 6 7 5 5 5 8 9 4
6 6 7 7 5 8 8 9 4
9 6 6 9 9 9 9 9 4
9 9 9 9 4 4 4 4 4

# level29 1
9
1 1 1 2 3 3 3 4 4
1 1 1 2 2 2 3 3 4
1 5 5 2 6 7 7 7 4
1 1 5 6 6 7 4 4 4
1 1 5 6 8 7 7 7 9
1 1 5 6 8 8 8 7 9
1 5 5 5 8 7 7 7 9
1 1 9 9 9 9 9 9 9
1 1 1 9 9 9 9 9 9

# level29 2
11
1 2 2 2 1 3 3 3 4 4 4
1 1 2 1 1 3 3 3 3 5 4
6 1 1 1 3 3 5 5 5 5 4
6 6 1 3 3 5 5 5 5 5 4
6 1 1 1 3 5 5 7 7 7 4
1 1 8 1 1 5 7 7 7 7 7
1 8 8 8 1 5 7 7 9 7 7
10 10 10 10 5 5 7 9 9 9 7
10 10 10 5 5 5 7 7 9 7 7
10 10 10 5 5 5 7 7 7 7 7
10 10 10 5 5 5 5 7 7 7 11

# level29 3
7
1 1 1 1 1 1 2
1 3 1 1 1 2 2
3 3 3 1 1 2 2
4 5 5 5 5 5 2
6 6 6 7 5 2 2
7 6 7 7 7 2 2
7 7 7 7 7 7 2

# level29 4
9
1 1 1 2 2 2 2 2 3
2 2 2 2 2 2 2 2 3
2 4 4 4 2 2 2 5 3
2 2 2 2 2 2 2 5 2
2 6 2 2 2 2 2 5 2
2 6 2 2 2 2 2 2 2
7 6 2 2 2 8 8 8 2
7 2 2 2 2 2 2 2 2
7 2 2 2 2 2 9 9 9

# level29 5
8
1 1 1 2 2 2 3 3
4 4 1 5 5 2 3 3
4 1 1 1 2 2 2 3
4 4 1 3 3 2 3 3
6 6 6 3 3 3 3 3
7 7 6 3 3 3 8 3
7 6 6 6 3 8 8 3
7 7 6 3 3 3 8 3

# level29 6
9
1 1 1 1 1 1 2 2 2
1 3 3 3 3 3 3 3 4
1 3 5 6 6 6 4 4 4
1 3 5 5 5 6 4 4 4
1 3 3 3 3 3 3 3 7
1 8 8 8 8 8 8 3 7
1 8 8 8 8 9 9 3 7
1 3 3 3 3 3 3 3 7
1 1 1 1 7 7 7 7 7

# level29 7
9
2 2 2 2 2 2 2 1 1
2 2 3 2 2 9 2 2 1
2 2 3 3 9 9 9 2 1
2 3 3 5 9 7 2 2 1
2 2 5 5 7 7 7 1 1
2 5 5 6 8 8 7 1 1
2 6 6 6 4 8 8 1 1
2 4 6 4 4 8 4 4 1
2 4 4 4 4 4 4 1 1

# level29 8
10
1 2 3 3 3 3 4 5 5 5
1 2 2 2 3 4 4 4 5 5
1 2 6 7 7 4 5 5 5 5
1 1 6 7 7 7 7 7 5 5
8 1 6 7 9 9 9 9 9 9
8 8 6 7 6 9 6 9 6 9
8 6 6 6 6 6 6 6 6 9
8 6 6 6 6 6 6 6 6 10
8 8 6 6 6 6 6 6 10 10
8 8 8 8 8 8 8 10 10 10

# level29 9
10
1 1 1 2 2 2 2 3 3 3
1 4 2 2 5 4 2 4 6 3
1 4 4 5 5 4 4 4 6 3
1 4 4 4 5 7 4 4 6 6
1 4 1 4 4 7 7 4 4 4
1 1 1 4 4 4 7 7 4 4
1 1 4 4 8 4 4 7 7 4
1 4 4 4 8 8 4 4 4 4
1 4 1 4 9 8 8 4 10 4
1 1 1 9 9 9 10 10 10 4

# level30 0
7
1 1 1 1 1 2 2
1 3 1 1 1 4 2
3 3 3 1 4 4 4
1 1 1 1 1 1 1
5 5 5 6 5 5 5
7 5 5 5 5 5 7
7 7 7 7 7 7 7

# level30 1
8
1 1 1 1 1 2 2 2
1 1 3 3 3 3 2 2
4 3 3 3 5 3 3 2
4 3 6 3 3 3 3 2
4 3 3 3 3 3 3 2
4 4 3 3 3 3 2 2
4 4 7 3 3 8 2 2
4 7 7 3 3 8 8 8

# level30 2
8
1 1 1 1 1 1 1 1
1 1 1 1 2 3 1 1
4 1 1 2 2 3 3 1
4 4 1 2 1 1 3 1
5 4 1 6 6 1 1 1
5 7 1 1 6 6 1 1
5 7 7 1 8 8 1 1
5 5 7 8 8 1 1 1

# level30 3
8
1 1 2 2 2 3 3 3
4 1 1 2 5 5 5 3
4 1 2 2 2 2 5 2
4 6 6 2 2 2 2 2
4 4 6 6 2 2 2 2
4 4 6 4 2 2 7 2
4 4 4 4 4 7 7 8
4 4 4 4 4 4 8 8

# level30 4
8
1 1 2 2 2 2 2 2
1 3 3 3 4 5 5 2
1 3 6 6 4 4 5 2
1 1 1 6 6 4 4 2
7 1 1 1 6 6 2 2
7 8 1 1 1 6 2 2
7 8 8 1 1 2 2 1
7 7 7 7 1 1 1 1

# level30 5
9
1 2 2 3 3 3 2 2 2
1 2 2 3 4 3 2 2 2
1 1 2 2 4 4 2 2 2
1 1 1 2 2 4 2 2 5
1 1 6 2 2 4 2 2 5
1 1 6 2 2 2 2 5 5
1 6 6 2 2 2 7 5 7
8 6 8 2 2 9 7 7 7
8 8 8 2 2 9 9 9 9

# level30 6
10
1 1 1 1 2 2 3 4 4 4
1 1 1 1 2 2 3 3 5 4
1 6 6 7 7 7 7 3 5 4
1 6 6 7 7 7 7 3 5 5
6 6 8 7 7 7 7 3 3 5
8 8 8 8 7 7 9 9 3 9
8 8 8 8 7 7 9 9 9 9
8 10 8 10 7 7 10 9 10 9
8 10 10 10 7 7 10 10 10 9
8 8 10 10 10 10 10 10 9 9

# level30 7
7
1 1 1 1 1 1 1
2 2 2 2 3 1 1
2 4 4 5 3 1 1
2 2 5 5 5 1 1
2 2 6 5 7 7 1
2 2 6 2 2 2 1
2 2 2 2 2 2 1

# level30 8
9
1 1 1 2 2 3 4 4 4
1 2 2 2 5 3 3 3 4
1 2 6 5 5 3 6 3 4
1 6 6 6 5 6 6 6 4
1 6 7 6 6 6 8 6 4
1 6 7 6 9 6 8 6 4
1 6 6 6 9 6 6 6 4
1 1 6 1 1 1 6 4 4
1 1 1 1 1 1 1 1 1

# level30 9
8
1 1 2 2 2 2 3 4
1 1 1 2 2 4 3 4
1 1 5 5 4 4 4 4
1 6 5 4 4 7 7 7
1 6 6 8 8 7 7 7
1 6 8 8 8 8 7 7
1 8 8 8 8 8 8 7
8 8 8 8 8 8 8 8

# level31 0
9
1 2 2 2 2 2 2 3 4
1 2 2 2 2 2 2 3 4
1 2 2 5 2 2 2 3 4
1 1 2 5 2 2 2 3 4
6 6 2 5 2 2 3 3 4
6 2 2 5 2 2 2 4 4
6 2 2 5 2 2 2 7 7
6 2 8 5 5 9 9 9 7
6 2 8 8 8 8 8 9 7

# level31 1
8
1 1 2 2 2 2 2 2
1 3 4 4 4 5 5 2
1 3 4 6 6 6 5 2
1 3 4 6 4 4 5 7
1 3 4 6 6 4 5 7
8 3 4 4 4 4 5 7
8 3 3 5 5 5 5 7
8 8 7 7 7 7 7 7

# level31 2
9
1 1 1 1 2 2 2 3 3
1 4 1 5 5 5 2 2 3
1 4 5 5 6 5 5 2 3
1 4 5 5 6 5 5 2 3
4 4 4 5 5 5 7 7 3
4 4 8 8 5 9 9 7 7
4 4 8 5 5 5 9 9 7
4 4 8 8 5 8 8 8 7
4 8 8 8 8 8 8 8 7

# level31 3
11
1 1 1 2 2 2 2 3 3 3 2
2 1 4 4 4 2 2 2 3 2 2
2 1 5 4 6 6 6 2 3 2 2
2 2 5 4 2 6 7 2 2 2 2
2 5 5 5 2 6 7 7 7 8 2
2 2 2 2 2 2 7 8 8 8 2
2 2 2 2 2 2 2 2 2 8 2
2 2 2 2 9 2 9 2 2 2 2
2 2 2 10 9 9 9 2 2 11 2
2 2 2 10 9 2 9 2 2 11 2
2 2 10 10 10 2 2 2 11 11 11

# level31 4
7
1 1 1 1 1 1 2
1 3 4 4 4 1 2
1 3 4 5 5 5 2
1 3 3 3 5 5 6
1 7 7 5 5 6 6
1 7 7 7 7 1 6
1 1 1 1 1 1 6

# level31 5
9
1 1 1 1 2 3 3 4 5
1 1 1 2 2 2 4 4 5
1 1 2 2 2 2 2 4 5
1 2 2 6 2 7 2 2 5
1 2 6 6 2 7 7 2 5
1 2 2 2 2 2 2 2 5
1 2 2 8 8 8 2 2 5
1 2 2 9 8 8 2 2 5
1 2 2 9 8 8 2 2 5

# level31 6
8
1 1 1 1 1 1 1 1
1 2 1 1 1 1 1 1
1 2 3 3 3 4 4 1
2 2 5 5 5 5 4 1
2 6 5 7 7 5 4 4
2 6 5 7 7 5 8 4
2 6 5 7 7 5 8 4
6 6 5 5 5 5 8 8

# level31 7
9
1 2 2 2 2 2 2 2 3
1 1 1 1 2 4 4 4 3
1 1 1 2 2 2 4 3 3
1 1 2 2 2 2 2 3 5
1 2 2 2 2 2 2 2 5
6 2 2 7 7 7 2 2 5
6 2 8 8 7 9 9 2 5
6 6 6 8 7 9 5 5 5
6 5 5 5 5 5 5 5 5

# level31 8
9
1 1 1 1 1 1 1 1 1
1 1 2 2 1 1 1 1 1
3 3 3 2 4 4 5 1 5
6 6 3 2 2 4 5 1 5
6 3 3 2 2 4 5 5 5
6 6 3 2 2 4 7 7 5
3 3 3 8 4 4 4 7 5
7 7 7 7 7 7 7 7 7
7 7 7 7 7 7 7 7 9

# level31 9
9
1 1 1 1 1 1 1 2 2
1 3 3 3 3 3 3 3 2
1 3 4 4 4 4 4 3 2
1 3 3 4 5 4 3 3 2
1 1 3 4 5 4 3 2 2
6 1 3 4 5 4 3 7 7
6 6 3 4 5 4 3 8 7
6 9 3 3 3 3 3 8 7
6 9 9 9 9 9 8 8 8

# level32 0
8
1 1 1 1 1 1 2 2
1 1 1 3 4 2 2 2
1 1 3 3 4 4 2 2
1 5 5 5 4 4 4 2
1 6 6 6 7 7 7 2
1 8 6 6 7 7 8 2
8 8 8 6 7 8 8 2
8 8 8 8 8 8 2 2

# level32 1
8
1 2 2 2 2 2 2 2
1 1 2 3 3 4 2 2
2 1 3 3 2 4 4 2
2 2 2 2 2 2 5 2
2 6 7 7 2 5 5 2
2 6 2 7 2 8 2 2
2 6 2 8 8 8 2 2
2 2 2 2 2 2 2 2

# level32 2
9
1 1 2 2 3 3 3 3 3
1 1 1 2 3 4 3 3 3
5 1 1 2 2 4 6 6 3
5 5 1 1 1 4 6 6 3
5 7 7 1 1 1 6 1 1
5 5 7 1 8 1 1 1 1
5 5 7 7 8 9 9 1 1
5 5 5 5 8 9 9 1 1
5 5 5 5 5 9 1 1 1

# level32 3
7
1 1 1 1 1 1 1
2 2 3 4 5 1 1
2 3 3 4 5 5 1
2 4 4 4 4 4 1
2 6 6 4 1 1 1
7 7 6 4 1 7 7
7 7 7 7 7 7 7

# level32 4
9
1 1 1 1 1 1 1 1 1
1 2 2 1 1 1 1 1 1
3 4 4 3 1 3 5 5 3
3 4 3 3 3 3 3 5 3
3 3 3 6 7 8 3 3 3
9 6 6 6 7 8 8 8 9
9 6 6 6 7 8 8 9 9
9 6 6 9 7 9 8 8 9
9 9 9 9 9 9 9 9 9

# level32 5
9
1 1 1 1 1 1 1 1 1
1 2 2 1 1 1 1 1 1
2 2 3 3 1 3 3 1 1
2 2 3 3 3 3 3 1 4
2 5 5 3 6 3 4 4 4
2 5 3 3 3 3 3 4 7
5 5 3 3 8 3 3 7 7
5 9 9 9 8 7 7 7 7
9 9 9 8 8 8 7 7 7

# level32 6
9
1 1 2 2 2 2 2 3 3
1 1 2 4 4 4 2 3 3
1 5 5 5 4 6 6 6 3
1 1 5 7 4 4 6 8 3
1 1 5 7 7 7 6 8 8
1 1 5 9 9 7 6 8 1
1 5 5 5 9 6 6 6 1
1 1 1 1 9 1 1 1 1
1 1 1 1 1 1 1 1 1

# level32 7
10
1 1 2 2 3 3 2 2 2 4
1 1 2 3 3 2 2 2 4 4
2 2 2 2 2 2 2 2 2 4
2 2 2 5 5 2 2 2 2 2
2 6 2 2 5 2 2 7 2 2
6 6 6 2 5 2 7 7 2 2
2 2 2 2 2 2 7 2 2 2
8 2 2 2 9 2 2 2 2 10
8 8 2 9 9 9 2 10 10 10
8 2 2 2 2 2 2 2 2 2

# level32 8
8
1 1 1 1 1 1 1 1
1 2 1 2 1 1 1 3
4 2 1 2 1 2 1 3
4 2 2 2 2 2 2 3
4 5 2 2 2 2 2 3
4 5 5 2 2 2 6 3
4 5 5 7 7 8 6 3
4 5 5 7 7 8 6 3

# level32 9
7
1 1 2 2 2 2 3
1 1 1 2 3 3 3
4 1 5 2 3 3 3
4 4 4 6 6 3 3
4 7 7 6 6 6 3
4 7 7 7 6 3 3
4 4 7 3 3 3 3

# level33 0
8
1 1 1 1 1 2 2 2
1 1 3 3 3 3 2 2
1 3 3 4 4 3 3 2
1 3 4 4 4 4 3 2
5 3 4 4 4 4 3 2
5 3 3 4 4 3 3 6
7 7 3 3 3 3 6 6
7 8 8 8 6 6 6 6

# level33 1
8
1 1 1 1 1 2 2 3
1 1 1 4 2 2 3 3
1 1 4 4 2 3 3 3
1 5 5 5 5 3 6 3
1 5 5 5 5 6 6 7
1 5 5 5 5 1 6 7
1 1 8 8 1 1 7 7
1 1 1 1 1 1 1 7

# level33 2
8
1 1 1 1 1 1 1 1
1 2 1 1 1 1 2 1
1 2 3 3 4 4 2 5
1 2 2 3 4 2 2 5
1 2 2 2 2 2 2 5
1 6 6 6 6 6 6 5
1 1 7 6 6 8 5 5
1 1 7 7 8 8 5 5

# level33 3
8
1 1 1 2 2 2 2 3
1 1 1 2 4 4 4 3
1 2 1 2 4 4 4 3
2 2 2 2 5 5 4 3
2 6 6 7 3 3 3 3
2 6 6 7 3 8 8 3
2 6 6 6 3 8 8 3
3 3 3 3 3 3 3 3

# level33 4
8
1 1 1 1 1 1 1 2
1 3 4 1 1 1 1 2
1 3 4 4 1 1 1 2
1 1 1 1 1 1 1 2
1 1 5 5 5 6 6 2
1 1 5 5 5 6 6 6
1 1 7 7 5 8 8 8
7 7 7 7 5 5 8 8

# level33 5
7
1 1 2 2 2 2 3
1 1 1 4 1 1 3
1 1 1 4 1 1 3
1 5 5 4 1 1 3
1 1 1 1 1 1 3
1 6 1 1 1 1 1
1 7 7 7 7 7 7

# level33 6
9
1 1 1 1 1 2 1 1 1
1 1 1 1 1 1 1 3 1
1 1 4 1 1 1 1 1 1
5 1 1 1 6 1 1 1 1
1 1 1 1 1 1 7 1 1
1 1 1 1 1 1 1 1 6
1 1 1 1 1 2 1 1 1
1 1 1 8 1 1 1 1 1
1 9 1 1 1 1 1 1 1

# level33 7
8
1 2 2 2 2 3 3 3
1 1 2 2 4 4 4 3
1 1 5 5 5 6 4 3
1 1 5 6 6 6 4 3
1 1 7 7 7 8 4 3
1 1 7 8 8 8 4 1
1 1 1 1 4 4 4 1
1 1 1 1 1 1 1 1

# level33 8
7
1 1 1 1 2 2 3
1 1 1 2 2 3 3
1 1 2 2 3 3 3
1 4 5 5 5 6 3
1 4 4 5 6 6 3
1 1 4 7 6 3 3
1 1 7 7 7 3 3

# level33 9
9
1 2 3 3 3 4 4 4 4
1 2 3 3 3 3 4 4 4
1 2 3 2 3 3 3 3 4
1 2 2 2 2 3 4 4 4
1 5 5 2 6 7 4 4 4
1 1 5 5 5 7 4 4 4
8 8 5 5 5 7 4 7 4
8 8 5 5 5 7 7 7 7
8 8 8 8 8 8 8 7 9

# level34 0
8
1 1 1 2 2 3 3 3
2 1 2 2 2 2 3 2
2 1 2 2 4 2 3 2
2 2 2 4 4 2 2 2
2 2 4 4 5 5 2 2
2 2 6 5 5 7 2 2
2 6 6 8 5 7 7 2
6 6 8 8 8 8 7 7

# level34 1
9
1 1 1 1 2 2 1 1 1
1 3 1 2 2 2 1 3 1
1 3 1 2 2 1 1 3 1
4 3 1 1 1 1 1 3 5
4 3 3 3 3 3 3 3 5
4 6 6 7 3 5 5 5 5
4 4 6 7 3 5 5 8 8
9 9 7 7 3 5 8 8 8
9 9 9 7 3 5 8 8 8

# level34 2
8
1 1 1 1 1 1 1 1
1 2 2 2 3 1 3 4
1 2 5 2 3 1 3 4
1 2 5 2 3 3 3 4
1 6 5 5 7 8 4 4
1 6 5 5 7 8 4 4
1 6 6 6 7 7 7 4
1 4 4 4 4 4 4 4

# level34 3
8
1 1 2 2 2 3 3 3
4 1 2 2 3 3 5 3
4 1 1 2 2 5 5 5
4 4 6 6 2 7 5 7
4 4 4 6 2 7 7 7
4 4 4 6 6 8 8 7
4 4 4 4 4 4 8 7
4 4 4 4 4 4 8 8

# level34 4
8
1 1 1 1 1 1 1 2
1 3 4 1 5 5 5 2
1 1 4 1 5 2 5 2
4 4 4 1 6 2 5 2
4 1 1 1 6 2 7 2
8 1 1 1 6 2 7 2
8 8 8 6 6 2 7 2
2 2 2 2 2 2 2 2

# level34 5
7
1 1 1 1 1 1 2
1 1 3 3 3 2 2
4 1 5 3 6 2 7
4 1 5 3 6 2 7
4 1 5 3 2 2 7
4 1 3 3 3 2 7
1 1 1 2 2 2 2

# level34 6
7
1 1 1 2 2 3 3
1 4 1 5 2 6 3
4 4 1 5 6 6 3
7 4 1 1 1 6 3
7 4 1 1 1 6 3
4 4 4 1 6 6 6
1 1 1 1 1 1 1

# level34 7
8
1 1 1 1 1 1 1 2
1 3 3 4 5 5 1 2
1 3 4 4 4 5 2 2
1 3 3 4 5 5 2 2
1 6 6 7 7 2 2 2
1 6 7 7 8 8 2 2
1 6 6 7 8 8 8 2
1 1 8 8 8 8 2 2

# level34 8
10
1 2 2 2 2 2 2 2 2 3
1 4 2 2 2 2 5 5 6 3
1 4 2 2 2 2 2 2 6 3
1 4 2 2 7 7 7 7 6 3
1 4 2 2 2 2 2 2 2 3
1 4 2 2 2 2 2 2 2 3
1 2 8 8 8 8 8 8 2 3
1 2 2 2 9 2 2 2 2 2
2 2 2 2 2 2 2 2 2 2
10 10 10 10 10 10 10 10 10 2

# level34 9
8
1 1 1 1 1 1 1 1
1 2 2 2 2 2 2 1
3 2 2 2 2 2 2 1
3 3 2 2 2 2 4 1
3 5 2 2 2 2 4 4
3 5 5 2 2 6 6 4
3 5 7 7 7 7 6 6
5 5 5 8 8 8 8 6

# level35 0
8
1 1 2 2 2 2 2 2
1 1 3 3 3 3 3 2
1 1 4 4 4 5 2 2
1 1 6 6 5 5 5 5
1 1 1 1 7 7 5 5
1 1 1 7 7 7 8 5
1 7 7 7 7 7 8 5
1 1 8 8 8 8 8 8

# level35 1
8
1 1 1 1 2 2 2 2
1 3 3 1 2 4 4 2
1 1 3 3 4 4 5 2
1 1 1 6 4 5 5 2
1 1 7 7 7 7 5 2
1 1 7 8 8 7 5 2
5 5 7 7 7 7 5 2
5 5 5 5 5 5 5 2

# level35 2
9
1 1 1 1 2 2 3 3 3
1 4 1 1 2 2 5 3 3
1 4 4 4 5 5 5 3 3
1 1 1 1 6 3 3 3 3
1 7 7 1 6 3 3 3 3
1 1 7 7 6 3 8 8 3
1 1 1 1 6 8 8 3 3
1 1 1 9 9 9 3 3 3
1 1 1 1 9 3 3 3 3

# level35 3
7
1 1 1 1 1 1 2
1 3 4 5 5 5 2
1 3 4 4 4 5 2
1 3 3 6 4 5 2
1 7 3 6 6 6 2
1 7 7 7 7 6 2
1 2 2 2 2 2 2

# level35 4
10
1 1 1 1 1 1 1 1 1 1
2 3 3 3 3 3 4 4 4 1
2 3 5 5 6 6 4 4 4 1
2 3 5 5 6 6 4 4 4 1
2 3 5 7 7 6 4 4 4 1
2 3 8 7 7 7 9 9 3 1
2 3 8 8 10 10 9 9 3 1
2 3 8 8 10 10 10 9 3 1
2 3 3 3 3 3 3 3 3 1
2 2 2 2 2 2 2 2 2 2

# level35 5
9
1 1 1 1 1 1 2 2 2
3 1 1 4 1 1 1 2 2
3 1 5 4 1 1 1 1 2
3 1 5 4 6 7 1 2 2
3 1 5 6 6 7 8 2 2
3 3 5 6 6 7 8 2 2
9 9 5 6 6 7 8 2 2
9 9 9 6 6 7 2 2 2
9 2 2 2 2 2 2 2 2

# level35 6
7
1 1 1 1 1 1 1
1 2 2 2 2 2 1
1 2 3 3 3 2 1
4 2 3 5 3 2 1
4 4 3 5 3 6 6
4 4 4 4 6 6 6
4 4 4 7 7 6 6

# level35 7
7
1 1 2 2 2 2 3
1 4 4 2 2 2 3
5 4 6 6 6 2 3
5 7 6 6 6 7 3
5 7 6 6 6 7 3
5 7 7 7 7 7 3
5 5 3 3 3 3 3

# level35 8
9
1 1 1 2 2 2 2 2 3
1 2 2 2 2 4 2 2 3
1 2 2 5 2 4 2 6 3
1 7 2 5 2 4 6 6 3
1 6 6 6 6 6 6 6 3
1 8 9 9 8 3 6 6 3
3 8 9 9 8 3 3 6 3
3 8 8 8 8 3 3 3 3
3 3 3 3 3 3 3 3 3

# level35 9
8
1 1 1 1 1 1 1 1
1 2 3 3 3 3 3 1
1 2 3 4 4 4 5 1
1 2 3 6 4 7 5 1
1 2 3 6 6 7 5 1
1 2 3 6 7 7 5 1
1 2 8 6 7 8 5 1
2 2 8 8 8 8 5 5

# level36 0
9
1 1 1 1 1 1 1 1 1
1 2 2 1 3 3 3 4 1
1 1 2 1 1 3 4 4 4
1 1 2 1 1 1 4 5 5
6 1 2 2 2 2 2 2 5
6 1 2 2 2 2 2 5 5
6 7 2 2 2 2 2 5 8
6 7 2 2 2 2 2 5 8
6 6 2 9 9 9 2 8 8

# level36 1
9
1 1 1 1 1 1 2 2 2
1 1 3 3 3 3 3 4 2
1 1 3 5 5 5 3 4 4
1 1 3 5 6 5 3 7 4
1 1 3 6 6 5 3 7 4
1 1 3 5 5 5 3 7 7
1 8 3 3 3 3 3 9 7
1 8 3 3 3 3 3 9 9
8 8 8 8 8 9 9 9 9

# level36 2
10
1 1 2 3 3 3 3 4 4 5
1 2 2 3 4 4 4 4 4 5
1 2 3 3 4 4 4 5 5 5
1 1 3 4 4 5 5 5 5 5
6 1 1 4 4 5 5 5 7 7
6 6 1 1 5 5 7 7 7 7
6 6 6 1 1 7 7 7 8 8
6 6 6 6 1 1 8 8 8 9
6 6 6 6 6 1 1 9 9 9
6 6 6 6 6 6 1 1 10 10

# level36 3
7
1 1 1 1 1 1 2
1 1 3 4 5 2 2
1 3 3 4 5 5 2
1 4 4 4 4 4 6
1 1 7 4 7 7 6
1 1 7 4 7 7 6
7 7 7 7 7 6 6

# level36 4
7
1 2 2 2 2 2 2
1 1 1 1 3 3 2
1 1 4 5 5 3 2
1 6 4 4 5 2 2
1 6 6 4 4 2 2
7 7 6 6 2 2 2
7 7 2 2 2 2 2

# level36 5
9
3 2 2 1 1 1 1 1 1
3 2 2 1 1 4 4 5 1
3 3 3 1 1 4 4 5 1
1 1 1 1 1 4 5 5 1
1 1 1 1 1 1 1 1 1
1 6 7 7 1 1 1 1 1
1 6 6 7 1 1 8 8 8
1 6 7 7 1 1 8 9 8
1 1 1 1 1 1 8 9 8

# level36 6
10
1 1 1 1 1 1 1 1 1 1
1 1 1 1 2 1 1 1 1 1
1 1 1 1 2 1 3 1 1 1
1 1 1 4 2 5 3 1 1 1
1 1 1 4 2 5 3 1 1 1
1 1 6 6 6 6 6 6 1 1
1 1 7 7 7 7 7 7 1 1
1 8 8 8 8 8 8 8 8 1
1 9 9 9 9 9 9 9 9 1
10 10 10 10 10 10 10 10 10 1

# level36 7
8
1 1 1 1 2 2 2 2
1 3 3 3 3 3 3 2
1 4 4 3 3 5 6 2
1 7 4 3 3 5 6 6
7 7 7 3 3 5 5 6
8 8 7 3 3 5 5 5
3 8 3 3 3 3 5 3
3 3 3 3 3 3 3 3

# level36 8
10
1 1 1 2 2 3 3 4 4 4
1 1 1 1 2 1 3 1 1 4
1 1 1 1 2 1 3 1 1 1
1 1 5 1 1 1 1 1 1 1
1 1 5 5 5 1 1 6 1 1
1 7 5 8 8 8 1 6 6 1
1 7 1 1 8 1 1 9 6 1
7 7 7 1 8 1 9 9 1 1
1 1 1 1 1 1 9 10 10 1
1 1 1 1 1 1 10 10 1 1

# level36 9
9
1 1 2 2 2 3 3 3 3
4 1 2 2 2 2 2 3 3
4 1 2 5 2 2 2 2 3
4 1 2 5 3 3 3 3 3
1 1 1 5 5 5 6 6 6
7 7 7 7 8 5 6 9 6
7 7 7 8 8 5 6 6 6
7 7 8 8 5 5 5 5 6
7 5 5 5 5 5 6 6 6

# level37 0
7
1 1 1 1 1 2 2
1 3 4 4 4 5 2
3 3 3 3 4 5 5
6 6 4 4 4 5 5
6 6 6 6 4 5 5
6 6 4 4 4 5 7
6 6 6 5 5 5 7

# level37 1
8
1 1 1 1 1 1 1 1
2 2 3 3 1 1 4 1
2 1 1 3 3 4 4 1
2 5 1 1 6 6 4 1
7 5 1 1 6 6 1 1
7 5 5 1 1 8 8 1
7 1 1 1 8 8 1 1
7 1 1 1 1 1 1 1

# level37 2
8
1 2 2 3 3 3 3 3
2 2 2 2 3 3 3 3
4 2 2 3 3 5 5 3
4 4 4 3 5 5 5 5
4 6 6 6 6 5 5 7
6 6 8 8 6 6 7 7
6 8 8 8 8 6 6 6
6 6 8 8 6 6 6 6

# level37 3
8
1 2 1 3 3 3 3 3
1 2 1 4 4 4 4 3
1 1 1 4 4 4 3 3
5 1 5 4 6 7 7 7
5 1 5 6 6 7 8 7
5 5 5 6 6 7 8 7
5 5 5 5 5 7 8 7
5 5 5 5 5 7 8 7

# level37 4
8
1 1 1 1 2 2 2 3
1 1 1 2 2 3 3 3
1 4 4 4 5 5 5 3
1 4 6 4 5 7 5 3
1 4 6 4 5 7 5 8
1 4 4 4 5 7 5 8
1 1 1 1 1 8 8 8
1 1 1 1 1 1 1 8

# level37 5
10
1 2 2 2 2 2 2 2 2 2
1 1 2 1 1 3 2 2 2 3
3 1 1 1 4 3 3 3 3 3
3 4 4 4 4 3 5 3 6 3
3 3 3 3 3 3 5 3 6 3
3 3 3 3 3 3 3 3 3 3
3 3 3 3 3 3 3 3 3 7
8 3 9 3 10 3 7 3 7 7
8 3 9 3 10 3 7 3 7 7
8 9 9 10 10 7 7 7 7 7

# level37 6
9
1 1 2 3 3 3 4 4 4
1 5 2 2 6 3 4 5 4
1 5 2 6 6 7 7 5 4
1 5 5 6 5 7 5 5 4
1 1 5 6 5 7 5 8 8
1 1 5 5 5 5 5 8 8
9 1 5 5 9 5 5 9 9
9 9 9 5 9 5 9 9 9
9 9 9 9 9 9 9 9 9

# level37 7
7
1 1 1 1 1 1 2
1 3 3 4 5 1 2
1 3 4 4 5 1 2
1 3 4 6 5 1 2
1 6 6 6 5 2 2
1 1 1 1 1 2 7
2 2 2 2 2 2 7

# level37 8
7
1 2 2 2 2 2 2
1 3 3 3 3 2 2
1 1 1 1 3 3 3
1 4 1 1 1 5 3
4 4 1 6 5 5 3
7 4 6 6 6 5 3
4 4 4 6 5 5 5

# level37 9
8
1 1 1 1 2 2 2 2
1 3 3 3 3 3 3 2
1 3 3 3 3 3 3 4
1 1 5 3 3 4 4 4
1 1 5 3 3 4 4 4
6 1 5 3 3 7 8 4
6 1 5 3 3 7 8 8
6 6 5 5 5 7 7 8

# level38 0
8
1 1 1 2 2 2 2 2
1 3 3 1 2 4 4 2
1 3 1 1 2 2 4 2
1 1 1 5 5 2 2 6
5 5 5 5 6 6 6 6
5 7 5 5 6 6 8 6
5 7 7 5 6 8 8 6
5 5 5 6 6 6 6 6

# level38 1
8
1 1 1 1 1 1 1 1
1 1 2 3 3 3 1 4
1 1 2 5 5 5 4 4
1 1 2 5 6 5 7 7
8 1 2 5 6 5 7 8
8 1 2 5 6 5 7 8
8 8 2 2 2 2 8 8
8 8 8 8 8 8 8 8

# level38 2
9
1 1 2 2 2 3 3 4 4
1 1 5 1 1 3 3 1 4
1 1 5 1 1 1 1 1 4
6 1 1 1 7 7 7 1 4
6 6 6 1 7 6 7 1 8
6 9 6 6 9 6 7 1 8
6 9 6 6 9 6 7 1 8
6 9 9 9 9 6 8 8 8
6 6 6 6 6 6 6 6 6

# level38 3
9
1 1 1 1 1 1 1 1 1
1 1 2 2 2 1 1 3 1
1 2 2 4 5 5 3 3 3
1 2 4 4 6 5 5 3 5
1 2 7 6 6 6 5 5 5
1 2 7 7 6 5 5 8 5
1 2 2 9 9 9 8 8 8
1 9 2 2 2 9 9 8 9
1 9 9 9 9 9 9 9 9

# level38 4
8
1 1 1 1 2 2 2 2
3 3 3 3 3 3 3 2
4 4 5 5 5 5 3 6
4 3 3 3 3 5 3 6
4 3 7 3 3 5 3 6
4 3 7 5 5 5 3 6
8 3 3 3 3 3 3 6
8 8 8 8 8 8 6 6

# level38 5
8
1 2 2 2 2 3 3 3
1 2 2 2 2 2 2 2
1 2 2 4 2 2 2 2
2 2 2 4 4 4 2 2
2 2 2 5 5 4 2 2
2 5 5 5 6 6 2 7
2 2 2 2 2 6 2 7
8 8 8 2 6 6 2 7

# level38 6
9
1 1 1 1 1 2 3 3 3
1 1 1 1 1 2 2 2 3
1 1 1 1 4 5 2 3 3
1 1 4 4 4 5 5 5 3
1 1 6 4 7 8 5 3 3
1 6 6 6 8 8 8 3 3
1 1 9 6 8 3 3 3 3
1 9 9 9 3 3 3 3 3
1 1 1 9 3 3 3 3 3

# level38 7
9
1 1 1 1 1 1 1 1 1
1 1 1 1 2 1 1 1 1
1 1 1 3 4 5 5 1 1
1 1 3 3 4 4 5 1 1
6 6 4 7 7 4 5 1 1
6 4 4 7 4 4 4 8 8
4 4 4 4 4 4 4 4 8
4 4 4 4 4 4 9 4 8
4 4 4 4 4 4 9 9 9

# level38 8
9
1 1 1 1 1 1 1 1 1
1 1 2 3 3 3 4 4 4
1 2 2 5 3 4 4 4 4
1 2 5 5 3 6 6 4 4
1 2 5 7 7 7 6 6 4
1 2 5 5 7 6 6 4 4
1 2 2 5 7 6 8 4 4
1 2 2 9 9 9 8 8 4
1 1 2 2 9 8 8 4 4

# level38 9
10
1 1 2 3 3 3 4 5 5 5
1 6 2 3 7 3 4 4 8 5
1 6 2 3 7 7 7 4 8 5
1 6 3 3 9 9 7 4 8 5
1 6 3 6 9 7 7 8 8 5
1 6 6 6 9 8 8 8 5 5
1 1 1 1 9 9 9 9 5 10
10 10 10 10 10 10 10 9 5 10
10 5 5 5 5 5 5 5 5 10
10 10 10 10 10 10 10 10 10 10

# level39 0
9
1 1 1 2 2 3 3 3 3
1 3 2 2 3 3 4 3 3
1 3 2 3 3 4 4 3 3
3 3 3 3 3 4 5 3 3
6 3 3 3 3 4 5 5 5
6 6 3 3 3 3 3 5 7
6 6 8 3 3 3 3 3 7
8 8 8 8 3 3 3 3 7
9 9 9 9 9 3 3 7 7

# level39 1
8
1 1 1 1 2 3 3 3
4 4 2 2 2 2 2 3
4 2 2 2 2 2 2 3
4 2 2 2 2 2 5 5
6 6 2 2 2 2 5 5
7 6 6 2 2 2 2 5
7 7 2 2 2 2 2 8
7 2 2 2 8 8 8 8

# level39 2
8
1 1 1 1 1 1 1 1
1 2 1 1 1 1 3 1
1 2 1 1 1 1 3 1
1 2 4 1 1 5 3 1
1 1 4 6 7 5 1 1
1 1 1 6 7 1 1 1
1 1 1 6 7 8 8 8
1 1 1 6 8 8 8 8

# level39 3
8
1 1 1 1 1 1 1 1
1 1 2 1 3 1 1 1
1 2 2 1 3 3 1 1
1 1 1 4 4 3 3 1
1 5 5 4 4 1 1 1
1 1 5 5 6 7 7 1
1 8 6 5 6 7 6 1
8 8 6 6 6 6 6 6

# level39 4
8
1 1 2 2 2 3 3 3
1 1 1 2 3 3 3 3
1 4 4 4 3 5 3 3
1 1 4 6 3 5 5 7
1 1 6 6 3 5 7 7
1 1 1 6 8 8 8 7
1 1 1 1 1 8 1 1
1 1 1 1 1 1 1 1

# level39 5
9
1 1 1 2 2 2 2 2 2
1 2 2 2 2 2 2 2 2
2 2 3 4 3 3 3 3 2
2 3 3 4 3 3 3 5 2
2 2 3 3 3 3 3 2 2
2 3 3 3 3 3 6 7 7
2 2 3 3 3 6 6 7 7
8 8 8 8 8 9 9 9 9
8 8 8 8 8 8 8 9 9

# level39 6
9
1 1 1 1 1 1 1 1 1
1 1 2 1 1 1 3 4 4
1 2 2 2 1 3 3 3 4
1 1 2 5 5 5 3 6 4
1 1 1 1 5 6 6 6 4
1 1 7 5 5 5 8 6 4
1 7 7 7 9 8 8 8 4
1 4 7 4 9 9 8 4 4
1 4 4 4 4 4 4 4 4

# level39 7
9
1 1 1 1 1 1 1 2 2
1 3 3 3 3 3 3 3 2
4 3 5 5 5 5 5 3 2
4 3 5 3 3 3 5 3 2
4 3 5 3 6 6 6 3 2
4 3 3 3 6 3 3 3 7
4 4 3 6 6 8 8 3 7
9 3 3 3 3 8 3 3 7
9 9 9 9 3 8 3 7 7

# level39 8
7
1 1 1 2 2 2 3
1 4 1 5 5 2 3
1 1 1 5 5 2 3
6 6 1 6 7 2 3
6 6 6 6 7 2 3
7 7 7 7 7 2 3
3 3 3 3 3 3 3

# level39 9
8
1 1 1 1 2 2 3 3
1 1 4 1 2 2 3 3
1 1 4 1 2 4 3 5
1 1 4 1 4 4 5 5
4 4 4 4 4 4 5 5
6 6 7 7 5 5 5 5
6 6 7 7 5 5 5 5
6 8 7 5 5 5 5 5

# level40 0
8
1 1 1 1 1 2 2 1
1 3 3 3 2 2 2 1
1 3 3 3 2 4 2 1
1 3 3 3 2 2 2 1
1 1 1 5 5 1 1 1
1 6 1 1 1 1 6 1
7 6 6 6 6 6 6 8
7 7 7 8 8 8 8 8

# level40 1
8
1 1 2 2 2 3 3 3
1 4 2 2 4 4 4 3
1 4 4 4 4 4 4 3
1 5 4 4 4 4 4 6
5 5 4 4 4 4 4 6
5 7 4 4 4 4 4 6
5 7 4 4 4 8 4 6
7 7 7 8 8 8 8 6

# level40 2
9
1 1 2 2 2 2 2 2 3
4 1 5 5 5 5 2 2 3
1 1 1 5 5 5 5 3 3
6 6 6 7 7 5 5 3 3
6 8 6 6 7 5 5 5 3
6 8 6 7 7 7 5 3 3
6 8 8 8 8 8 9 9 3
6 8 8 8 8 8 8 9 3
8 8 8 8 8 8 9 9 9

# level40 3
9
1 1 2 2 2 2 2 2 2
1 3 3 4 4 4 5 5 2
3 3 4 4 6 4 4 5 5
3 4 4 4 6 4 4 4 5
3 4 7 7 7 4 4 4 5
3 4 4 4 4 4 4 4 5
3 8 4 4 4 4 4 9 5
3 8 8 4 4 4 9 9 5
3 3 8 8 8 8 5 5 5

# level40 4
8
1 1 1 1 1 1 1 2
1 3 3 4 4 4 1 2
1 3 5 5 5 4 1 2
1 3 6 7 5 4 1 2
8 3 6 7 7 4 1 2
8 3 6 6 6 6 1 2
8 3 3 3 1 1 1 2
8 8 2 2 2 2 2 2

# level40 5
8
1 1 1 1 1 1 1 1
1 2 1 1 1 1 3 1
2 2 4 5 5 6 3 3
7 4 4 5 5 6 6 7
7 4 5 5 5 5 5 7
7 7 7 5 5 7 7 7
8 7 7 7 7 7 7 8
8 8 8 8 8 8 8 8

# level40 6
8
1 1 1 2 3 4 4 4
1 2 2 2 3 4 3 4
1 1 1 2 3 4 3 4
3 3 3 3 3 3 3 3
3 5 3 3 3 3 3 3
6 5 6 3 3 7 7 7
6 5 6 3 3 8 8 7
6 6 6 3 3 7 7 7

# level40 7
9
1 1 1 2 2 2 2 2 2
1 3 1 2 2 2 2 2 2
1 3 4 4 4 2 2 2 2
1 3 5 5 4 6 6 6 2
1 3 4 4 4 7 7 6 2
1 3 4 8 8 6 6 6 2
1 1 4 4 4 9 9 6 1
1 1 1 1 1 6 6 6 1
1 1 1 1 1 1 1 1 1

# level40 8
9
1 2 1 3 3 3 3 3 3
1 2 1 3 4 4 4 4 3
1 1 1 5 5 5 4 4 3
6 6 1 5 4 4 4 4 4
6 6 1 5 5 5 7 7 7
6 6 6 6 6 5 7 8 8
6 6 6 5 5 5 7 7 7
6 6 6 6 6 6 7 9 7
6 6 6 6 6 6 7 7 7

# level40 9
8
1 1 1 1 1 1 1 1
1 1 2 2 2 2 3 1
1 1 2 4 4 2 3 1
1 1 4 4 4 2 3 3
1 5 5 4 2 2 3 3
1 5 6 6 2 7 7 3
5 5 6 6 6 6 7 7
5 5 5 6 8 6 6 7

# level41 0
8
1 1 1 1 2 2 2 2
1 1 1 1 1 1 1 2
1 3 3 1 1 4 4 2
3 3 1 1 4 4 2 2
5 5 1 1 6 6 2 2
5 7 5 6 8 6 2 2
5 7 5 6 8 6 2 2
5 5 5 6 6 6 2 2

# level41 1
9
1 1 1 1 1 1 1 1 1
2 2 2 2 2 2 2 3 1
2 2 4 2 5 5 3 3 3
2 2 4 4 5 5 6 3 3
2 2 4 7 7 7 6 3 3
2 2 8 7 7 6 6 3 3
2 2 8 8 9 9 9 9 3
2 3 3 8 3 3 3 3 3
2 3 3 3 3 3 3 3 3

# level41 2
8
1 1 1 2 3 4 4 4
1 1 2 2 2 2 4 4
1 1 1 2 2 5 5 4
1 1 1 6 7 5 5 4
1 1 1 7 7 5 5 8
1 7 7 7 7 7 7 8
1 1 7 7 7 7 8 8
1 1 1 7 7 8 8 8

# level41 3
8
1 1 1 1 1 2 3 3
1 4 4 4 5 2 2 3
1 4 4 4 5 5 2 2
1 4 4 6 6 5 5 7
1 4 6 6 6 8 7 7
1 6 6 6 8 8 8 7
6 6 6 8 8 8 8 7
6 6 8 8 8 8 8 7

# level41 4
8
1 1 2 2 3 3 3 4
1 5 5 2 3 4 4 4
1 1 5 2 3 3 3 3
6 6 2 2 2 3 3 3
6 6 6 7 8 7 3 3
6 6 6 7 8 7 3 3
6 6 6 7 7 7 3 3
6 6 6 6 6 7 3 3

# level41 5
8
1 2 2 2 2 2 2 2
1 3 3 3 3 3 3 2
1 3 4 4 4 4 3 2
5 3 6 4 7 7 2 2
5 3 6 6 3 3 3 2
5 3 6 6 6 6 3 2
5 3 3 3 3 3 3 8
5 5 8 8 8 8 8 8

# level41 6
9
1 1 1 1 1 1 1 2 2
1 3 3 3 3 1 1 2 2
1 3 3 3 3 4 1 1 1
1 3 3 3 3 5 5 1 1
1 3 3 3 3 5 5 1 1
1 1 6 6 1 1 1 1 1
1 1 6 6 7 7 7 1 1
8 8 9 9 7 7 7 1 1
8 8 9 9 7 7 7 1 1

# level41 7
9
1 1 1 2 2 3 3 4 4
1 1 1 1 2 2 3 4 4
1 5 5 3 3 3 3 3 6
7 7 5 8 3 8 9 9 6
7 7 5 8 3 8 9 9 6
7 7 5 8 8 8 9 6 6
7 5 5 5 7 6 6 6 6
7 7 7 7 7 7 6 6 6
7 7 6 6 6 6 6 6 6

# level41 8
9
1 2 2 2 2 2 2 2 2
1 1 2 3 2 2 2 2 2
4 1 1 3 2 2 2 2 2
4 4 3 3 5 2 2 2 2
4 6 6 3 5 5 2 2 2
4 4 6 6 7 5 5 2 2
4 4 6 7 7 7 2 2 8
4 4 4 4 7 9 2 2 8
4 4 9 9 9 9 8 8 8

# level41 9
8
1 1 1 1 2 2 3 3
1 2 2 2 2 3 3 3
1 2 4 4 2 2 5 3
1 2 4 6 6 5 5 5
1 2 2 2 2 2 7 5
1 1 8 8 8 2 7 5
1 1 1 1 8 2 7 7
1 2 2 2 2 2 7 7

# level42 0
8
1 1 1 2 2 3 4 4
1 1 2 2 3 3 4 4
1 5 5 5 5 6 6 4
1 5 7 7 8 8 6 4
1 5 7 7 8 8 6 4
1 5 5 5 5 6 6 4
1 1 1 4 4 4 4 4
1 1 1 1 1 1 1 1

# level42 1
9
1 2 2 3 4 4 4 4 4
1 2 3 3 3 4 4 4 4
1 5 6 6 3 4 4 5 4
1 5 5 6 6 7 5 5 4
1 1 5 5 6 5 5 4 4
1 1 1 5 5 5 8 9 4
1 1 1 1 5 8 8 9 4
1 1 1 1 5 8 9 9 4
1 1 5 5 5 5 5 4 4

# level42 2
8
1 1 2 3 3 4 5 6
1 2 2 3 4 4 5 6
1 1 2 3 3 4 5 6
1 2 2 7 3 4 5 6
1 1 2 3 3 4 5 6
8 8 8 8 5 5 5 6
6 6 8 8 8 8 8 6
6 6 6 6 6 6 6 6

# level42 3
9
1 1 1 1 1 1 1 1 1
1 2 2 2 2 2 2 2 1
1 2 2 2 2 2 2 3 1
1 2 2 4 4 4 5 3 1
1 6 7 4 4 4 5 3 1
1 6 6 4 4 4 5 3 1
1 8 6 6 9 3 3 3 1
1 8 8 9 9 9 1 1 1
8 8 8 9 9 9 1 1 1

# level42 4
8
1 1 1 1 1 1 1 1
2 1 3 3 3 3 4 5
2 1 6 6 6 3 4 5
1 1 6 7 7 3 4 5
1 1 6 7 7 8 4 5
1 1 6 7 7 8 4 4
1 1 8 8 8 8 4 4
1 1 1 1 4 4 4 4

# level42 5
9
1 2 2 3 3 3 2 2 4
1 1 2 2 3 2 2 4 4
2 2 2 3 3 3 2 2 2
2 2 3 3 5 3 3 2 2
2 2 6 3 3 3 7 2 2
2 2 6 6 3 7 7 2 2
8 2 2 6 3 7 2 2 2
8 2 2 3 3 3 2 2 9
8 8 2 2 2 2 2 9 9

# level42 6
7
1 1 1 1 1 1 1
2 2 3 1 2 2 2
4 2 3 1 2 5 5
4 2 2 2 2 2 2
2 2 2 6 2 2 7
2 2 2 6 2 2 7
6 6 6 6 6 6 6

# level42 7
8
1 1 1 1 2 3 3 3
1 1 2 2 2 3 4 4
1 1 2 5 5 3 4 6
7 7 2 5 3 3 4 4
7 3 3 5 5 3 3 4
7 7 3 3 5 3 4 4
8 7 3 5 5 3 3 3
7 7 3 3 3 3 3 3

# level42 8
8
1 2 2 2 2 2 2 1
1 1 1 2 2 2 2 1
3 3 1 1 1 1 1 1
3 3 4 4 5 5 6 1
3 7 4 4 5 5 6 1
7 7 7 7 7 7 6 6
8 8 8 8 8 7 7 7
8 8 8 8 8 8 8 8

# level42 9
9
1 1 1 1 1 1 1 1 2
1 1 3 3 3 3 3 2 2
4 4 3 3 5 3 3 2 2
4 6 6 7 7 7 6 6 2
4 6 6 7 7 7 6 6 2
4 6 6 6 6 6 6 6 8
4 6 6 6 6 6 6 6 8
4 4 9 9 9 9 8 8 8
4 4 4 4 9 9 9 9 8

# level43 0
9
1 1 1 2 2 2 2 2 2
1 3 1 2 2 2 2 2 2
1 1 1 4 4 2 2 2 2
1 4 1 4 5 2 2 2 2
1 4 1 4 5 2 6 6 6
4 4 4 4 5 7 6 8 6
4 4 5 5 5 7 6 8 8
4 4 4 9 9 7 6 8 6
4 4 4 4 9 9 6 6 6

# level43 1
9
1 2 2 3 3 3 2 2 1
1 1 2 2 3 2 2 1 1
1 1 1 2 2 2 1 1 1
4 1 1 1 1 1 1 1 5
4 4 1 1 6 1 1 5 5
4 7 7 1 1 1 1 1 5
7 7 7 8 8 8 1 1 1
7 7 8 8 9 8 8 1 1
7 8 8 9 9 9 8 8 1

# level43 2
10
1 1 1 1 1 2 2 3 3 3
1 4 4 4 1 5 2 3 3 3
1 6 4 4 5 5 2 2 7 3
1 6 6 5 5 5 2 2 7 7
1 8 6 6 5 5 7 2 7 7
1 8 9 9 5 5 7 2 7 7
8 8 9 9 5 5 7 7 7 7
10 8 8 9 5 5 7 7 7 7
10 8 5 5 5 5 5 5 7 7
10 10 10 10 10 10 7 7 7 7

# level43 3
7
1 1 1 1 1 1 2
2 1 3 3 3 1 2
2 1 3 3 3 4 2
2 5 5 6 4 4 2
2 5 7 7 7 4 2
2 5 7 7 7 4 2
2 2 2 2 2 2 2

# level43 4
9
1 2 2 2 2 3 3 3 3
1 1 2 4 4 4 3 3 3
1 5 5 4 6 4 7 7 3
1 5 8 4 6 4 7 3 3
1 5 5 4 6 4 7 7 3
1 1 5 4 6 4 9 7 3
1 5 5 4 6 4 7 7 3
1 1 1 4 4 4 1 1 3
1 1 1 1 1 1 1 1 1

# level43 5
8
1 2 3 3 3 4 4 4
1 2 2 3 4 4 4 4
1 2 5 5 5 5 4 4
1 5 5 5 5 5 5 4
1 1 5 6 6 5 4 4
1 1 1 7 7 4 4 4
1 1 1 7 7 4 4 4
1 1 8 8 8 8 4 4

# level43 6
8
1 1 1 1 1 1 1 1
1 1 2 1 1 3 4 4
5 1 2 2 2 3 4 5
5 1 1 2 2 4 4 5
5 5 5 5 5 5 5 5
5 5 6 5 5 7 5 5
5 5 6 8 8 7 5 5
5 6 6 8 8 7 7 5

# level43 7
8
1 1 1 2 2 3 3 3
1 4 1 5 2 3 3 3
1 4 1 5 2 3 6 3
1 1 1 2 2 2 6 3
7 8 8 8 8 8 6 3
7 8 8 8 6 6 6 3
7 7 7 8 6 6 6 3
7 7 7 7 6 6 6 6

# level43 8
9
1 1 1 1 1 1 1 1 1
1 1 2 2 2 2 1 1 1
1 1 2 3 3 2 2 2 1
1 4 4 4 3 5 5 2 1
1 4 4 4 3 5 5 6 1
1 4 4 4 3 3 5 6 1
7 4 4 4 8 5 5 6 1
7 9 9 9 8 5 6 6 6
9 9 5 5 5 5 5 5 5

# level43 9
9
1 1 1 2 2 2 2 3 3
4 1 2 2 2 2 2 3 3
1 1 1 2 2 2 2 3 3
5 5 6 7 7 7 2 2 2
5 5 6 6 7 2 2 2 2
5 6 6 7 7 7 2 2 2
5 5 6 6 6 6 8 8 8
5 5 6 6 6 6 6 8 9
5 5 6 6 6 6 8 8 8

# level44 0
7
1 2 2 2 2 2 3
1 2 2 4 2 2 3
1 1 4 4 4 3 3
1 1 4 4 4 3 3
1 1 4 4 4 3 5
1 6 4 4 4 5 5
6 6 6 7 5 5 5

# level44 1
8
1 1 1 1 1 1 2 2
1 1 1 3 4 1 1 2
1 1 5 3 4 4 1 1
1 6 5 3 7 4 8 1
1 6 5 3 7 4 8 1
1 1 5 3 7 4 1 1
1 1 1 3 7 1 1 1
1 1 1 1 1 1 1 1

# level44 2
9
1 1 2 2 2 2 2 2 2
1 3 2 4 4 4 4 2 2
1 2 2 2 2 4 4 4 4
1 5 5 2 6 4 7 4 4
1 5 5 2 2 7 7 7 4
1 5 2 2 7 7 7 7 7
5 5 8 2 7 7 7 7 7
5 8 8 2 7 7 9 7 7
8 8 8 8 7 7 9 7 7

# level44 3
8
1 1 1 2 2 2 2 2
3 1 3 3 2 4 2 5
3 3 3 3 2 4 4 5
3 3 6 6 6 5 5 5
3 7 7 3 6 6 5 3
3 7 7 3 3 8 8 3
3 3 3 3 3 8 8 3
3 3 3 3 3 3 3 3

# level44 4
8
1 1 1 1 2 2 2 2
1 3 3 3 3 4 4 2
1 3 5 5 6 6 4 2
2 7 5 8 8 6 7 2
2 7 5 8 8 6 7 2
2 7 5 5 5 5 7 2
2 7 7 7 7 7 7 2
2 2 2 2 2 2 2 2

# level44 5
9
1 1 1 1 2 3 3 4 4
1 1 1 2 2 2 3 4 4
1 1 1 3 3 3 3 3 3
1 5 1 3 6 3 3 7 3
5 5 1 6 6 6 3 7 7
1 5 1 1 6 3 3 7 1
1 8 1 1 1 1 1 1 1
1 8 1 9 9 9 1 1 1
1 1 1 1 9 1 1 1 1

# level44 6
10
1 2 2 2 2 2 2 3 4 3
1 2 1 2 2 2 5 3 4 3
1 1 1 2 5 5 5 3 3 3
2 2 1 2 2 5 5 5 5 3
6 2 2 2 5 5 5 5 5 5
6 6 6 6 6 5 5 5 5 5
7 6 7 6 5 5 8 5 5 5
7 7 7 6 5 5 8 5 8 5
9 9 7 6 5 5 8 8 8 8
9 9 7 6 5 5 5 5 8 10

# level44 7
7
1 1 1 1 1 1 1
1 2 2 1 1 3 1
1 1 1 1 1 3 1
4 4 1 5 1 1 1
1 1 1 5 1 1 1
1 6 1 1 1 1 1
1 6 1 1 1 7 7

# level44 8
8
1 1 1 1 1 1 1 1
1 1 1 1 1 2 1 1
3 1 4 5 5 5 1 6
3 1 4 5 7 5 6 6
3 1 4 5 7 5 6 6
3 3 4 5 7 5 7 6
8 7 7 7 7 7 7 7
8 7 7 7 7 7 7 7

# level44 9
7
1 1 1 2 3 3 3
1 4 4 4 4 4 3
1 4 5 5 5 4 3
1 4 4 5 4 4 6
1 1 1 7 6 6 6
1 1 7 7 7 6 6
1 1 1 7 6 6 6

# level45 0
8
1 1 1 1 1 1 1 1
1 1 1 1 1 2 1 1
3 3 3 1 1 4 4 4
5 3 6 1 1 6 4 7
5 3 6 6 6 6 4 7
3 3 3 6 6 4 4 4
8 8 6 6 8 8 8 8
8 8 8 8 8 8 8 8

# level45 1
8
1 1 2 2 2 3 3 3
1 1 1 2 4 3 4 3
1 1 1 2 4 4 4 1
1 1 1 1 1 1 1 1
1 5 5 5 1 6 6 1
1 5 7 5 7 6 8 8
1 1 7 7 7 6 6 8
1 1 1 1 1 1 8 8

# level45 2
9
1 1 1 1 2 3 3 3 3
1 4 4 4 2 2 2 4 3
1 4 4 4 4 2 4 4 3
5 4 4 4 4 4 4 6 3
5 5 5 4 4 4 4 6 6
5 4 4 4 4 4 4 4 6
7 4 4 4 4 4 8 4 9
7 4 4 4 4 8 8 8 9
7 7 7 7 7 8 9 9 9

# level45 3
9
1 1 1 1 2 3 3 3 3
1 1 1 1 2 4 4 3 3
1 1 5 1 2 4 4 4 3
1 6 5 5 2 4 7 4 3
1 6 6 5 2 7 7 7 3
1 8 6 5 2 9 3 3 3
1 8 8 8 2 9 9 3 3
1 1 1 1 2 9 9 9 3
1 1 1 1 2 9 9 9 9

# level45 4
7
1 1 1 1 1 1 2
1 3 4 4 4 1 2
1 3 4 1 1 1 2
1 3 3 5 2 2 2
1 1 6 6 7 7 7
7 1 1 6 6 6 7
7 7 7 7 7 7 7

# level45 5
8
1 1 1 1 1 1 1 1
2 2 3 3 3 3 3 1
4 2 3 3 3 3 3 1
4 2 3 3 3 3 3 1
4 4 5 5 5 5 3 3
6 4 5 7 5 5 5 5
6 4 4 7 6 6 8 6
6 6 6 6 6 6 6 6

# level45 6
8
1 1 1 1 2 3 3 3
1 1 1 1 2 3 3 3
1 1 1 1 2 3 3 3
1 1 1 1 2 4 4 4
5 5 5 1 1 1 1 1
6 6 7 1 1 1 1 1
6 6 7 1 1 1 1 8
6 6 7 1 1 1 1 1

# level45 7
9
1 2 3 3 4 4 4 4 4
2 2 2 3 3 4 4 4 4
5 2 5 6 6 6 4 4 4
5 5 5 5 6 4 4 4 4
5 5 7 7 7 7 7 4 4
5 7 7 7 7 7 8 8 4
5 7 7 7 7 7 7 8 9
5 5 7 7 7 7 7 9 9
5 5 5 5 5 5 9 9 9

# level45 8
9
1 1 1 2 2 2 2 2 2
1 1 1 2 2 2 2 2 2
1 3 1 2 2 2 2 2 2
1 1 1 4 4 4 2 2 2
1 1 1 4 5 4 6 6 6
5 5 5 4 5 4 6 7 7
5 8 5 4 5 4 6 6 6
8 8 5 4 5 4 6 9 9
8 8 5 5 5 5 6 6 6

# level45 9
8
1 2 2 2 2 2 2 2
1 1 1 3 3 2 2 2
1 1 3 3 3 3 2 2
4 3 3 5 5 3 3 2
4 3 3 6 6 3 3 2
4 4 6 6 6 6 6 2
4 6 6 7 8 6 2 2
4 4 7 7 8 8 2 2

# level46 0
10
1 1 1 1 1 1 1 1 2 2
1 1 3 1 1 1 4 2 2 5
1 1 3 1 1 1 4 2 5 5
1 1 3 1 1 1 4 2 5 5
6 6 3 1 1 4 4 7 7 7
6 6 3 3 3 3 3 3 7 7
6 6 3 3 3 3 3 3 8 7
6 9 3 9 9 10 10 3 8 7
6 9 3 9 10 10 10 3 8 7
9 9 9 9 10 8 8 8 8 8

# level46 1
7
1 1 1 1 1 1 1
2 2 1 1 1 3 3
2 1 1 1 1 3 4
1 1 1 5 1 1 4
6 1 1 5 1 1 4
6 1 1 5 1 1 1
6 1 7 7 7 1 1

# level46 2
7
1 1 1 2 2 2 2
1 1 1 1 3 3 2
1 1 1 3 3 3 2
1 1 4 5 3 6 2
1 4 4 4 6 6 2
1 4 4 6 6 2 2
1 7 7 7 7 7 7

# level46 3
8
1 1 2 2 2 1 1 3
4 1 1 2 2 1 1 1
4 1 1 1 2 1 1 5
6 6 1 1 1 1 5 5
6 6 1 1 1 1 7 7
1 6 1 1 1 7 7 7
1 1 1 1 8 7 8 8
1 1 1 1 8 8 8 8

# level46 4
8
1 2 2 2 2 2 2 2
1 3 3 4 4 5 5 2
1 3 4 4 4 4 5 2
1 4 4 6 6 4 4 2
1 4 4 6 6 4 4 4
1 7 4 4 4 4 8 1
1 7 7 4 4 8 8 1
1 1 1 1 1 1 1 1

# level46 5
8
1 1 1 2 2 2 2 2
1 3 1 2 1 1 1 2
1 1 1 1 1 4 4 2
5 5 1 1 4 4 6 2
5 1 1 7 7 8 6 2
5 1 7 7 8 8 6 2
5 1 7 5 5 6 6 2
5 5 5 5 5 5 5 5

# level46 6
9
1 1 1 2 2 2 2 2 2
1 1 1 3 3 3 2 2 2
1 1 1 1 3 2 2 2 2
1 4 1 1 3 2 2 5 6
1 4 4 4 7 5 5 5 6
1 4 8 8 9 6 6 5 6
1 1 8 8 9 6 6 6 6
1 1 8 9 9 9 6 6 6
1 1 8 8 8 8 8 8 8

# level46 7
9
1 1 1 1 1 1 1 2 2
1 1 1 3 3 3 4 4 2
1 1 3 3 3 3 3 4 2
1 1 3 3 3 3 3 4 4
1 5 3 3 5 3 3 5 4
6 5 5 5 5 5 5 5 4
6 7 7 5 7 5 7 7 8
6 9 7 7 7 7 7 8 8
6 9 9 9 9 9 8 8 8
