# Queens Game Puzzles
# Converted from TypeScript format to numbered regions
# Format: size, then grid with numbers representing color regions

460

# level-sample
9
        
        
        
        
        
        
        
        
        

# level1
8
1 1 2 2 2 3 3 3
1 4 2 4 2 5 3 3
1 4 2 4 2 3 3 3
1 4 4 4 2 6 7 3
1 4 4 4 2 6 7 7
1 4 8 4 2 6 7 7
8 4 8 4 2 6 6 7
8 8 8 8 7 7 7 7

# level2
9
1 1 1 1 1 1 2 2 2
1 1 1 1 1 1 1 1 3
1 4 4 4 5 1 1 1 3
1 1 1 1 5 1 1 1 3
1 1 1 1 5 1 1 1 1
1 1 1 1 1 6 6 6 1
1 1 1 1 1 1 7 7 7
1 1 8 8 8 1 1 1 1
1 9 9 9 1 1 1 1 1

# level3
8
1 2 2 2 3 2 2 4
1 1 1 2 3 3 2 4
2 2 2 2 2 3 2 4
5 5 5 2 2 2 2 4
5 2 2 2 2 2 2 2
2 2 2 2 6 2 2 7
8 8 2 6 6 2 7 7
8 8 2 6 2 2 2 7

# level5
11
1 2 2 2 3 3 3 3 3 3 3
1 4 4 2 2 2 3 3 3 3 3
1 4 4 2 2 3 3 3 3 3 3
1 1 1 1 3 3 3 5 5 5 5
1 6 6 7 8 8 3 3 3 5 5
1 6 6 7 8 8 8 8 8 8 5
1 6 6 7 8 8 8 8 8 8 5
1 6 6 7 8 8 9 10 8 8 5
1 6 6 7 8 8 9 10 8 8 9
11 6 6 7 8 8 9 10 8 8 9
11 11 11 7 7 9 9 9 9 9 9

# level6
7
1 1 1 1 1 1 1
1 2 2 2 2 2 2
2 2 2 3 2 2 2
2 4 2 3 2 5 2
2 4 6 6 6 5 2
2 6 6 6 6 6 7
2 2 2 7 7 7 7

# level8
8
1 1 2 2 2 2 3 3
1 2 2 4 4 2 2 3
1 2 4 4 4 4 2 3
5 2 4 4 6 4 2 3
5 2 2 4 6 6 2 3
5 5 2 2 2 6 6 3
5 5 5 5 5 7 6 8
5 5 5 7 7 7 8 8

# level10
10
1 1 1 1 2 2 2 2 2 3
1 4 4 4 4 4 4 4 4 3
5 5 5 4 6 6 6 6 4 3
4 4 5 5 6 4 4 7 4 3
4 4 4 4 4 4 7 7 4 3
4 4 8 8 4 7 7 4 4 9
4 4 8 4 4 10 4 4 4 9
4 4 8 4 4 10 4 4 4 9
4 4 8 10 10 10 4 4 9 9
4 4 4 4 4 4 4 4 4 4

# level11
10
1 1 2 2 3 3 3 3 3 3
1 1 1 2 2 4 4 3 3 3
3 3 1 2 2 5 4 4 3 3
3 6 6 5 5 5 4 4 3 3
3 6 6 5 5 7 7 3 3 3
3 8 6 6 7 7 9 9 3 3
3 8 8 8 7 7 10 9 9 3
3 3 8 8 10 10 10 9 9 3
3 3 3 3 10 10 3 3 3 3
3 3 3 3 3 3 3 3 3 3

# level12
9
1 1 2 2 3 3 4 4 4
5 1 1 2 2 3 3 4 4
5 5 1 1 2 2 3 3 4
6 5 5 1 1 2 2 3 3
6 6 5 5 1 1 2 2 3
7 6 6 5 5 1 1 2 2
7 7 6 6 5 5 1 1 2
8 7 7 6 6 5 9 1 1
8 8 7 7 6 6 9 9 1

# level15
8
1 1 1 1 1 2 1 1
1 1 1 1 2 2 2 1
3 1 1 4 5 5 5 1
3 3 1 4 4 5 1 1
3 1 1 4 1 1 1 6
1 1 7 7 7 1 6 6
1 1 1 7 1 1 8 6
1 1 1 1 1 8 8 8

# level16
9
1 2 3 3 3 3 4 4 4
1 2 3 2 2 2 2 2 4
1 2 3 2 5 5 5 2 4
1 2 6 2 5 2 5 2 4
7 2 6 2 5 2 8 2 4
7 2 6 2 2 2 8 2 4
7 2 6 6 8 8 8 2 9
7 2 2 2 2 2 2 2 9
7 7 7 9 9 9 9 9 9

# level17
9
1 2 2 2 2 2 3 3 3
1 2 2 2 4 2 2 2 3
1 2 2 5 4 4 3 3 3
1 2 5 5 6 4 7 3 3
1 5 5 6 6 6 7 7 3
1 1 5 8 6 7 7 9 3
1 1 1 8 8 8 9 9 3
1 1 9 9 8 9 9 3 3
9 9 9 9 9 9 3 3 3

# level21
9
1 1 1 1 1 1 1 2 2
1 1 1 3 3 4 4 2 2
1 1 1 3 3 4 4 1 1
1 1 1 1 5 5 1 1 1
1 1 6 6 5 5 1 1 1
1 1 6 6 1 1 7 7 1
1 8 8 9 9 1 7 7 1
1 8 8 9 9 1 1 1 1
1 1 1 1 1 1 1 1 1

# level22
8
1 1 1 1 1 1 1 1
1 1 2 2 2 3 1 1
1 1 2 3 2 3 1 1
4 4 3 3 3 3 5 5
4 6 6 3 3 7 7 5
4 4 6 3 3 3 7 5
8 6 6 8 3 7 7 5
8 8 8 8 3 3 5 5

# level23
9
1 1 1 1 1 2 2 2 2
1 3 1 1 1 4 4 4 2
1 3 5 1 6 4 4 2 2
1 3 5 5 6 4 2 2 2
7 7 6 6 6 6 6 2 7
7 7 7 8 6 9 9 9 7
7 7 8 8 6 7 9 9 7
7 8 8 8 7 7 7 9 7
7 7 7 7 7 7 7 7 7

# level24
9
1 1 1 1 1 1 1 1 1
1 2 2 2 1 3 3 3 1
1 2 2 2 1 3 3 3 4
1 2 2 5 1 1 3 3 4
1 5 5 5 5 1 1 6 6
1 7 7 5 5 5 8 8 6
1 7 7 7 5 8 8 8 6
1 7 7 7 6 8 8 8 6
1 9 9 6 6 6 6 6 6

# level25
10
1 1 1 1 2 3 3 3 3 3
4 5 6 6 2 7 3 8 8 8
4 5 6 6 2 7 3 3 7 8
4 5 6 6 2 7 7 7 7 8
4 4 6 6 2 4 8 8 7 8
4 4 6 6 2 4 9 8 8 8
4 4 6 6 4 4 9 9 8 9
4 4 4 4 4 9 9 9 8 9
10 10 10 4 4 9 9 9 8 9
10 10 10 4 4 9 9 9 9 9

# level26
9
1 1 1 1 1 2 2 2 2
1 1 3 1 4 2 2 5 2
1 3 3 3 4 4 5 5 5
1 1 3 1 4 4 1 5 1
6 1 1 1 1 1 1 1 1
6 6 7 1 8 1 1 9 1
6 7 7 7 8 8 9 9 9
6 6 7 6 8 6 6 9 6
6 6 6 6 6 6 6 6 6

# level27
8
1 1 2 2 1 1 1 1
3 1 2 2 4 4 4 1
3 1 2 2 4 4 4 1
3 1 1 1 1 1 5 1
6 6 7 7 7 1 5 1
6 6 1 1 1 1 5 1
6 6 1 1 1 1 1 1
8 8 8 1 1 1 1 1

# level28
9
1 1 1 2 2 1 3 3 4
1 5 5 5 2 1 3 4 4
1 5 2 2 2 1 3 3 3
1 5 5 1 1 1 6 6 6
1 1 1 1 1 1 6 1 6
1 1 1 1 7 1 1 1 6
8 8 8 1 7 1 7 1 1
8 9 9 1 7 7 7 1 1
8 8 9 1 1 1 1 1 1

# level29
10
1 1 1 1 1 1 1 1 2 2
1 1 1 1 1 3 3 4 4 2
1 1 1 1 5 5 3 4 2 2
1 6 6 1 5 3 3 4 4 2
1 6 1 1 5 5 3 4 7 7
1 6 6 8 5 8 1 1 1 7
1 6 1 8 8 8 8 1 7 7
1 1 1 1 1 1 1 1 1 7
1 9 1 9 1 1 1 10 1 10
9 9 9 9 1 1 10 10 10 10

# level30
9
1 1 1 2 2 2 2 2 2
1 3 1 4 4 2 4 4 2
1 3 3 4 4 4 4 4 2
5 5 5 6 7 6 4 4 2
5 5 5 6 7 6 2 2 2
5 5 5 6 6 6 2 2 2
5 5 5 5 5 5 8 8 9
5 5 5 5 5 5 9 8 9
5 5 5 5 5 5 9 9 9

# level31
9
1 1 1 1 1 1 1 1 1
1 2 2 2 2 2 2 2 1
1 2 3 3 3 4 4 2 1
1 2 3 5 5 5 4 2 1
1 2 3 5 5 5 4 2 1
1 2 6 5 5 5 6 2 1
1 7 6 6 6 6 6 2 8
1 7 7 7 7 7 2 2 8
1 1 1 1 9 9 9 8 8

# level32
11
1 1 2 3 4 4 4 5 6 5 4
1 1 2 3 3 4 4 5 6 5 4
2 1 2 3 7 7 4 5 6 5 4
2 1 2 3 7 7 4 5 5 5 4
2 2 2 3 7 7 4 4 5 4 4
3 3 3 3 7 4 4 4 4 4 4
3 8 7 7 7 7 7 4 9 9 9
3 8 8 8 7 4 4 4 9 10 10
3 8 11 8 7 4 4 4 9 9 10
3 8 11 8 7 4 4 4 9 10 10
3 8 11 8 7 7 4 4 9 9 9

# level33
10
1 1 1 2 2 2 2 3 3 3
1 1 4 2 5 5 6 6 3 3
1 4 4 4 5 5 6 6 6 3
7 7 4 5 5 5 5 6 6 6
7 5 5 5 5 5 5 5 5 6
7 7 5 5 5 5 5 5 8 6
7 9 9 5 5 5 5 8 8 8
7 9 5 5 9 9 5 5 8 8
7 9 5 9 9 10 10 5 10 8
9 9 9 9 10 10 10 10 10 8

# level34
8
1 1 2 2 2 2 2 2
1 1 1 1 1 1 1 2
3 3 3 3 3 3 1 1
3 4 4 4 4 4 4 5
4 4 5 5 5 5 5 5
4 5 5 6 6 6 6 6
6 6 6 6 6 7 7 7
6 7 7 7 7 7 8 8

# level35
8
1 1 1 1 1 1 1 1
1 1 1 2 1 1 1 1
1 1 2 2 2 3 1 4
1 1 5 2 3 3 3 4
1 5 5 5 6 3 4 4
1 1 5 6 6 6 7 4
1 8 8 8 6 7 7 4
1 1 1 8 8 8 4 4

# level36
9
1 1 1 1 2 2 2 2 3
1 1 1 2 2 4 4 5 3
1 1 3 2 2 5 4 5 3
1 3 3 2 5 5 5 5 3
3 3 3 6 5 5 3 3 3
3 7 8 6 6 3 3 3 9
3 7 8 8 3 3 3 9 9
3 7 7 8 3 3 9 9 9
3 3 3 3 3 9 9 9 9

# level37
10
1 2 2 3 4 4 4 4 2 2
1 2 2 3 3 2 4 2 2 5
1 1 2 3 2 2 2 2 5 5
1 2 2 3 2 2 2 2 2 5
2 2 2 2 2 2 2 2 6 5
7 7 7 7 2 2 6 6 6 6
8 7 2 2 2 2 2 2 2 2
8 8 2 2 2 2 9 9 9 9
8 2 2 10 2 2 2 2 9 2
8 10 10 10 10 2 2 2 2 2

# level38
9
1 1 2 2 2 2 3 3 3
4 1 2 2 2 2 2 2 3
4 1 2 5 5 5 2 2 2
4 1 2 2 2 5 2 2 2
1 1 1 5 5 5 6 6 6
7 7 7 5 8 8 8 8 6
7 9 9 5 5 5 8 6 6
7 9 9 9 9 9 9 9 6
7 9 9 9 9 9 6 6 6

# level39
11
1 1 1 2 2 3 3 3 3 3 3
4 4 1 1 2 3 3 3 3 3 3
5 4 6 6 2 3 3 3 3 3 3
5 4 4 6 2 3 3 3 3 3 3
5 5 5 6 6 3 3 3 3 3 3
3 3 3 3 3 3 3 3 3 3 3
3 3 3 3 3 3 7 8 8 8 8
3 3 3 3 3 3 7 7 7 8 9
3 3 3 3 3 3 10 11 7 11 9
3 3 3 3 3 3 10 11 11 11 9
3 3 3 3 3 3 10 10 10 9 9

# level40
10
1 1 1 2 2 2 2 2 2 2
2 1 2 2 2 2 2 2 2 2
2 2 2 3 4 2 2 2 2 2
2 2 3 3 4 4 2 2 5 2
2 2 2 3 4 2 6 2 5 5
2 2 2 2 2 2 6 6 5 7
2 2 2 2 2 2 6 8 7 7
2 2 2 2 9 2 8 8 8 7
2 2 10 9 9 2 2 2 2 2
2 10 10 10 9 2 2 2 2 2

# level41
9
1 1 1 1 1 1 1 1 2
1 1 3 3 1 1 2 2 2
1 4 4 3 1 5 5 5 1
1 1 4 3 1 1 1 5 1
1 1 4 1 1 1 1 1 1
1 1 1 1 1 6 1 1 7
1 8 8 8 1 6 7 7 7
9 8 1 1 1 6 6 1 1
9 9 9 1 1 1 1 1 1

# level42
8
1 1 1 1 1 2 2 2
1 1 1 3 4 4 2 2
1 1 3 3 4 4 4 2
1 3 3 5 5 4 4 2
1 6 6 5 5 7 7 2
1 1 6 6 7 7 2 2
1 1 1 6 7 2 2 8
1 1 8 8 8 8 8 8

# level43
8
1 1 1 1 1 2 3 3
3 3 3 2 2 2 2 3
3 4 4 4 5 5 3 3
3 4 6 7 7 5 5 3
3 4 6 7 7 7 5 3
3 3 6 6 8 8 8 3
3 3 3 6 8 3 8 3
3 3 3 3 3 3 3 3

# level44
8
1 1 1 1 1 2 2 2
1 1 3 3 3 4 2 2
1 3 3 5 5 4 4 2
1 3 5 5 5 5 6 2
1 3 5 5 5 5 6 7
1 3 8 5 5 6 6 7
1 1 8 8 6 6 7 7
1 1 1 1 1 7 7 7

# level45
8
1 1 2 2 2 1 1 1
3 1 1 1 1 1 4 1
3 3 1 1 1 4 4 1
1 1 1 5 1 1 1 1
6 1 5 5 1 1 1 7
6 1 1 1 1 1 7 7
6 1 1 8 8 1 1 1
1 1 1 8 1 1 1 1

# level46
8
1 1 1 1 1 1 2 2
1 1 1 1 3 2 2 4
1 5 5 1 3 3 4 4
5 5 6 1 1 3 4 1
1 6 6 1 1 1 1 1
1 6 7 7 1 1 1 1
1 7 7 1 1 8 8 1
1 1 1 1 1 1 8 8

# level47
10
1 1 1 1 1 1 1 1 1 1
1 1 1 1 2 2 1 1 1 1
1 3 3 1 2 2 1 4 4 1
1 3 3 5 5 1 1 4 4 1
1 6 6 5 5 1 7 7 7 1
1 6 6 1 1 1 7 7 7 1
8 8 8 8 1 1 7 7 7 1
8 8 8 8 1 9 9 10 10 1
8 8 8 8 1 9 9 10 10 1
8 8 8 8 1 1 1 1 1 1

# level48
9
1 1 1 2 2 2 2 2 2
1 3 3 3 3 4 4 4 2
1 5 3 6 6 6 4 4 2
1 5 6 6 6 6 6 7 2
1 5 6 6 8 6 6 7 2
1 5 6 6 6 6 6 7 2
9 5 5 6 6 6 7 7 2
9 7 7 7 7 7 7 7 2
9 9 2 2 2 2 2 2 2

# level49
8
1 2 2 3 4 1 1 1
1 2 2 3 4 1 1 1
1 5 5 5 4 1 1 1
1 5 5 5 4 1 6 6
1 1 1 1 1 1 6 6
1 1 1 1 1 1 6 6
1 1 1 1 1 1 7 7
8 8 8 8 8 8 7 7

# level50
8
1 1 1 2 2 3 3 1
1 4 1 1 2 2 3 1
1 4 4 1 1 2 1 1
1 1 4 4 1 1 1 1
1 5 5 6 6 7 1 1
5 5 6 6 7 7 1 1
5 8 6 1 1 1 1 1
8 8 1 1 1 1 1 1

# level51
10
1 1 1 1 1 2 1 1 3 1
1 1 4 1 1 1 1 3 3 1
5 1 4 1 1 1 1 3 1 1
5 1 1 1 1 1 1 1 1 1
5 1 1 1 1 1 6 6 6 1
5 1 1 7 7 1 1 1 1 1
1 1 1 1 7 1 1 1 8 1
1 9 9 1 1 1 1 8 8 8
1 9 9 1 1 10 1 1 1 1
1 1 1 1 1 10 10 10 1 1

# level52
10
1 1 1 1 1 1 1 2 2 2
1 1 3 1 1 4 1 1 2 2
1 3 3 5 5 4 4 1 1 2
3 3 5 5 6 6 4 4 1 1
7 7 5 6 6 1 1 8 8 1
1 7 7 6 1 1 8 8 1 1
1 1 7 1 1 1 8 1 1 1
1 1 1 1 9 1 1 1 10 1
1 1 1 9 9 1 1 10 10 1
1 1 9 9 1 1 10 10 1 1

# level53
11
1 1 1 1 1 1 2 2 2 2 2
1 3 3 3 3 3 3 3 2 3 3
1 1 1 3 4 4 4 3 2 3 5
1 3 3 3 4 3 6 3 3 3 5
7 3 4 4 4 3 6 6 5 5 5
7 3 3 3 3 3 3 3 5 3 5
7 7 7 8 8 3 9 9 9 3 5
7 3 7 3 8 3 3 3 9 3 5
7 3 7 3 8 3 10 3 9 3 11
7 3 3 3 3 3 10 3 3 3 11
7 3 10 10 10 10 10 11 11 11 11

# level54
10
1 1 1 1 1 1 1 1 1 1
1 2 2 2 3 3 3 3 3 4
1 2 5 5 5 5 6 7 3 4
1 2 5 8 8 8 6 7 3 4
1 2 5 9 9 8 6 7 3 4
1 2 5 9 10 8 6 7 3 4
1 2 10 10 10 8 6 7 3 4
1 6 6 6 6 6 6 7 3 4
1 7 7 7 7 7 7 7 3 4
4 4 4 4 4 4 4 4 4 4

# level55
8
1 1 1 2 2 3 3 3
2 1 1 2 2 3 3 2
2 2 1 2 2 3 2 2
4 2 2 2 2 2 2 5
4 6 6 5 5 5 5 5
4 6 7 5 4 8 5 5
4 6 7 5 4 8 5 5
4 4 4 4 4 4 4 5

# level56
7
1 2 2 2 2 2 2
1 2 3 3 3 2 2
1 3 3 3 3 3 2
1 4 5 5 5 6 2
1 4 4 4 6 6 2
1 1 4 4 6 7 2
1 1 1 7 7 7 2

# level57
8
1 1 1 1 1 1 1 1
2 2 3 3 4 4 5 5
2 6 3 7 4 6 5 6
6 6 3 7 4 6 5 6
6 6 7 7 4 6 5 6
6 6 6 6 6 6 5 6
6 8 6 6 6 6 6 6
6 8 8 8 8 8 6 6

# level58
8
1 2 3 3 3 4 1 5
1 2 2 3 4 4 1 5
1 2 6 6 6 4 1 5
1 1 1 6 1 1 1 5
7 1 1 1 1 1 8 5
7 7 8 8 8 8 8 5
7 7 7 8 5 5 5 5
7 7 7 7 7 7 7 5

# level59
9
1 1 2 2 3 3 3 3 3
1 2 2 2 2 2 2 3 3
4 4 4 5 2 5 6 6 6
4 7 7 5 2 5 6 6 6
4 4 7 5 2 5 6 8 6
4 7 7 5 2 5 6 9 6
4 7 7 5 5 5 6 9 6
7 7 7 7 7 7 9 9 7
7 7 7 7 7 7 7 7 7

# level60
8
1 1 2 2 2 2 3 3
1 4 4 4 4 2 3 3
5 4 4 4 4 2 3 3
5 4 4 4 4 2 2 2
5 5 5 4 4 4 4 6
7 7 8 4 4 4 4 6
7 7 8 4 4 4 4 6
7 7 8 8 6 6 6 6

# level61
9
1 1 1 2 2 2 2 3 3
1 1 4 5 5 2 2 3 3
1 1 4 4 5 5 2 3 3
1 1 4 5 5 2 2 6 3
1 1 1 1 2 2 6 6 6
1 7 1 1 1 2 6 8 6
7 7 7 1 1 2 8 8 8
7 9 7 2 2 2 2 2 2
9 9 9 2 2 2 2 2 2

# level62
7
1 1 1 1 1 1 1
1 2 3 3 3 3 1
1 2 2 2 2 2 1
1 1 1 4 5 2 6
5 5 5 5 5 2 6
5 2 2 2 2 2 6
5 7 7 7 6 6 6

# level63
9
1 1 1 1 1 2 2 2 3
1 1 1 4 4 5 5 5 3
1 1 1 4 5 5 6 5 5
1 1 5 5 5 6 6 6 5
1 1 5 6 5 6 6 5 5
1 1 5 6 6 6 5 5 7
1 1 5 6 6 6 5 7 7
1 8 5 5 5 5 5 9 7
8 8 8 8 8 8 9 9 7

# level64
8
1 1 1 1 1 1 1 1
1 2 2 2 2 2 2 1
1 2 3 3 3 3 2 4
1 2 5 6 6 3 2 4
1 2 5 7 6 3 2 4
1 8 5 7 7 7 2 4
1 8 5 5 5 2 2 4
1 8 8 8 8 8 4 4

# level65
10
1 1 2 2 2 3 3 4 4 4
1 1 1 2 3 3 3 4 5 4
1 1 1 2 2 3 3 4 4 4
1 1 1 2 3 3 3 4 6 4
1 1 2 2 2 3 3 4 6 4
1 7 7 7 8 9 10 9 6 6
1 7 7 8 8 9 10 9 6 6
1 7 7 7 8 9 9 9 6 6
1 1 1 7 8 8 9 6 6 6
1 7 7 7 8 8 9 6 6 6

# level66
8
1 1 1 1 1 1 1 1
1 2 2 2 3 3 3 1
1 2 4 4 4 4 3 1
1 2 4 5 5 4 3 6
1 2 4 5 5 7 3 6
6 2 4 4 7 7 8 6
6 2 2 2 2 8 8 6
6 6 6 6 6 6 6 6

# level67
9
1 1 1 1 1 1 1 2 2
1 1 3 3 1 1 1 2 2
1 1 3 4 4 2 2 2 2
5 1 3 3 4 6 2 7 2
5 5 5 3 4 6 2 7 2
5 5 5 3 4 6 6 7 7
5 5 5 5 4 4 6 8 7
5 5 5 5 9 6 6 8 7
9 9 9 9 9 8 8 8 8

# level68
9
1 1 1 1 1 1 1 1 1
1 1 2 1 1 1 3 1 1
2 2 2 4 4 4 3 3 3
5 5 2 6 4 7 3 8 8
8 5 6 6 4 7 7 8 8
8 5 6 9 9 9 7 7 8
8 5 6 6 9 7 7 8 8
8 6 6 6 9 7 8 8 8
8 8 8 8 8 8 8 8 8

# level69
7
1 1 1 1 1 1 2
3 1 4 4 1 1 2
3 1 3 3 1 2 2
3 3 3 2 2 2 2
3 5 3 3 2 6 2
3 5 7 6 6 6 2
5 5 7 6 6 6 6

# level70
8
1 2 2 2 2 2 2 2
1 1 1 3 3 2 2 2
4 1 1 5 5 2 2 2
4 4 1 5 5 6 2 2
1 4 1 5 5 6 6 2
1 1 1 5 5 7 7 2
1 1 5 5 5 5 7 2
1 1 5 8 8 5 7 7

# level71
7
1 1 2 2 3 3 3
1 1 2 3 3 3 4
5 5 3 3 3 4 4
5 3 3 3 6 4 7
3 3 3 6 6 4 7
3 3 6 6 4 4 7
3 7 7 7 7 7 7

# level72
9
1 1 1 1 1 1 1 2 2
1 1 1 3 3 3 2 2 2
1 1 3 3 4 3 3 2 2
1 3 3 4 4 4 3 3 2
1 3 4 4 4 5 5 3 2
6 3 3 4 5 5 3 3 2
6 7 3 3 5 3 3 8 9
6 7 6 3 3 3 8 8 9
6 6 6 6 6 6 6 9 9

# level73
8
1 1 2 2 3 3 3 3
1 4 4 2 2 2 2 3
2 4 5 5 5 5 2 2
2 2 5 6 6 6 6 2
2 2 5 6 7 7 2 2
2 2 5 6 7 8 8 2
2 2 2 6 2 8 2 2
2 2 2 2 2 2 2 2

# level74
8
1 1 2 2 2 2 3 3
1 4 2 3 3 3 3 3
4 4 2 2 2 2 5 5
4 4 4 4 6 2 5 5
4 4 2 2 2 2 7 7
4 4 4 4 4 4 4 7
4 8 4 4 4 8 4 4
8 8 8 8 8 8 8 8

# level75
9
1 1 1 1 1 1 2 2 2
1 1 1 3 3 3 2 2 2
4 1 5 5 5 5 5 2 2
4 1 5 5 5 5 5 2 2
4 4 5 5 5 5 5 2 2
4 4 5 5 5 5 5 2 6
4 7 7 5 5 5 2 2 6
4 7 7 7 8 6 6 6 6
4 7 7 7 6 6 6 9 9

# level76
8
1 1 1 1 1 1 2 2
1 1 3 3 3 4 2 2
5 5 5 3 4 4 6 6
5 5 5 3 4 6 6 6
5 5 7 7 6 6 6 6
5 5 7 6 6 6 6 6
8 8 6 6 6 6 6 6
8 8 6 6 6 6 6 6

# level77
8
1 1 2 2 1 3 3 3
1 4 2 2 1 3 3 3
1 5 5 1 1 3 3 3
1 5 5 1 1 1 1 1
1 1 1 6 6 6 1 1
1 1 1 6 6 6 1 1
8 8 1 6 6 6 7 1
8 8 1 1 1 1 1 1

# level78
9
1 1 1 1 1 1 1 1 1
1 1 2 1 3 3 3 1 1
1 2 2 2 4 3 3 3 3
1 1 2 4 4 4 5 3 3
1 1 1 1 4 5 5 5 3
1 6 6 6 7 3 5 3 3
1 8 8 8 7 3 3 3 3
1 8 8 8 7 9 9 9 3
1 1 8 8 8 3 3 3 3

# level79
9
1 1 2 2 2 2 3 3 3
1 2 2 2 4 4 4 2 3
2 2 2 2 2 2 4 2 3
2 5 2 2 2 2 4 2 2
2 5 2 2 2 2 6 2 2
2 5 5 5 2 6 6 2 2
2 2 2 2 7 2 2 2 8
9 2 2 7 7 2 2 2 8
9 9 2 2 2 2 8 8 8

# level80
8
1 1 1 1 1 1 1 1
1 2 2 2 3 3 3 4
1 2 5 5 5 6 3 4
1 7 5 8 8 6 3 4
1 7 6 8 8 6 3 4
1 7 6 6 6 6 7 4
1 7 7 7 7 7 7 4
1 1 1 7 7 4 4 4

# level81
8
1 1 1 2 2 3 3 3
1 2 2 2 2 2 2 3
1 1 2 2 2 2 3 3
1 2 2 2 2 2 2 4
5 6 2 2 2 2 7 4
5 6 6 6 7 7 7 4
5 6 8 6 7 8 7 4
5 5 8 8 8 8 4 4

# level82
10
1 1 1 1 1 2 2 2 2 2
3 1 1 1 2 2 2 2 2 2
3 4 1 1 1 5 5 5 5 2
3 4 4 1 1 5 6 6 6 6
3 4 7 8 1 5 6 6 6 6
3 4 7 7 5 5 6 6 6 6
3 4 3 7 9 5 5 5 5 6
3 3 3 7 9 9 9 6 6 6
10 10 3 7 9 7 9 9 9 9
10 10 10 7 7 7 9 9 9 9

# level83
8
1 1 1 1 1 1 1 1
1 2 2 2 2 2 2 1
3 4 2 2 2 2 5 6
3 4 4 2 2 5 5 6
3 3 3 2 2 5 6 6
7 7 2 2 2 2 6 8
7 2 2 2 2 2 2 8
7 7 7 7 8 8 8 8

# level84
9
1 1 1 1 1 1 1 1 1
2 1 1 3 3 3 1 1 1
2 4 4 4 3 5 5 5 1
2 2 2 4 6 6 6 5 1
2 4 4 4 6 5 5 5 1
2 4 7 7 7 7 7 5 1
2 4 4 4 7 5 5 5 1
2 2 2 2 8 9 9 1 1
2 2 2 2 8 9 1 1 1

# level85
8
1 1 1 2 2 3 3 3
1 1 2 2 4 3 3 3
1 2 2 4 4 3 3 3
2 2 4 4 5 6 3 3
2 4 4 5 5 6 7 3
8 8 8 6 6 6 7 3
3 3 8 8 7 7 7 3
3 3 3 3 3 3 3 3

# level86
10
1 1 1 1 1 1 1 2 1 1
1 1 1 1 1 1 2 2 2 1
1 1 1 3 1 1 1 2 1 1
1 1 1 4 4 4 1 1 1 1
1 1 5 5 5 5 5 5 1 1
1 6 6 6 6 6 6 6 6 1
1 1 7 7 8 8 9 9 1 1
10 10 7 7 8 8 9 9 10 10
10 10 8 8 8 8 8 8 8 10
10 10 10 10 10 10 10 10 10 10

# level87
9
1 1 1 1 2 2 2 2 2
1 3 3 1 4 4 4 2 2
1 1 1 1 4 5 4 2 2
6 6 6 2 4 5 4 2 2
7 7 6 2 4 4 4 2 2
7 7 6 2 2 2 2 2 2
6 6 6 2 2 8 8 8 8
2 2 2 2 2 8 9 9 8
2 2 2 2 2 8 8 8 8

# level88
10
1 1 1 1 2 2 3 3 4 4
5 1 1 1 2 2 3 3 4 4
5 5 1 2 2 2 2 4 4 6
1 5 1 2 7 7 7 4 6 6
1 1 1 2 2 2 7 4 6 4
8 1 1 2 2 2 2 4 4 4
8 1 1 9 9 9 2 4 10 10
8 1 1 2 9 2 2 4 10 4
8 1 1 2 2 2 2 4 10 4
1 1 1 1 2 2 2 4 4 4

# level89
9
1 1 1 1 1 1 2 2 2
1 1 1 1 1 1 2 3 2
1 1 1 1 1 1 3 3 3
1 1 1 1 1 1 4 4 3
5 6 6 6 1 1 4 4 4
5 7 8 6 1 1 1 1 1
5 7 8 6 1 1 9 1 1
5 7 8 8 1 9 9 9 1
5 7 7 8 1 1 9 1 1

# level90
8
1 2 2 2 2 2 2 2
1 3 2 3 4 4 4 2
1 3 2 3 4 5 4 2
1 3 3 3 4 5 4 2
1 6 7 6 8 8 8 2
1 6 7 6 8 2 2 2
1 6 6 6 8 8 8 2
1 1 1 1 1 1 1 2

# level91
9
1 1 1 2 2 2 2 2 3
4 5 1 1 6 2 2 2 3
4 5 5 6 6 6 2 2 3
4 4 5 6 6 6 3 3 3
4 7 6 6 6 6 6 3 8
7 7 6 6 6 6 6 8 8
7 6 6 6 6 6 6 6 8
6 6 6 6 9 6 6 6 6
6 6 9 9 9 9 9 6 6

# level92
8
1 2 2 2 2 3 3 3
1 1 2 4 4 4 3 4
1 2 2 4 4 4 4 4
2 2 2 4 4 4 5 4
2 2 2 2 4 5 5 5
6 2 2 2 4 7 7 7
6 6 2 2 7 7 8 7
6 2 2 2 2 8 8 8

# level93
8
1 1 1 1 1 1 1 2
1 3 3 3 4 2 2 2
1 3 5 5 4 6 6 6
1 3 5 5 4 4 4 6
1 7 5 5 5 5 8 6
1 7 5 5 5 5 8 1
1 7 7 7 8 8 8 1
1 1 1 1 1 1 1 1

# level94
9
1 1 1 1 2 3 3 4 4
1 2 2 2 2 2 3 3 4
1 2 2 2 5 2 2 3 4
2 2 2 2 5 2 2 3 4
2 6 6 6 5 5 2 2 4
2 6 7 6 6 5 5 2 8
2 2 7 2 2 2 2 2 8
2 2 7 2 2 9 9 9 8
7 7 7 9 9 9 8 8 8

# level95
8
1 1 2 2 2 2 2 2
1 2 2 3 4 4 5 5
1 3 3 3 6 4 5 5
1 3 6 6 6 4 4 4
1 1 1 7 7 7 8 4
4 4 1 7 8 8 8 4
4 4 1 1 8 4 4 4
4 4 4 4 4 4 4 4

# level96
8
1 1 1 2 2 2 2 2
1 3 3 3 2 2 2 2
1 3 4 4 5 5 5 2
1 3 4 4 6 6 5 2
1 7 7 7 6 6 5 2
1 1 8 7 7 7 7 2
8 1 8 8 8 2 2 2
8 8 8 8 8 8 8 2

# level97
7
1 1 1 1 1 1 1
1 2 2 2 2 3 4
1 5 6 6 6 3 4
1 5 6 6 6 7 4
1 5 6 6 6 7 4
1 5 5 5 7 7 4
1 4 4 4 4 4 4

# level98
8
1 1 1 2 2 2 2 2
1 3 1 3 4 2 4 2
1 3 3 3 4 4 4 2
1 1 1 3 5 5 4 6
1 7 1 7 8 5 8 6
1 7 7 7 8 8 8 1
1 1 1 7 1 1 8 1
1 1 1 1 1 1 1 1

# level99
7
1 2 3 3 4 4 4
2 2 2 3 4 5 4
3 2 3 3 4 5 4
3 3 3 6 6 5 4
7 7 7 6 5 5 4
7 5 5 5 5 7 7
7 7 7 7 7 7 7

# level100
11
1 1 2 2 3 3 3 3 4 4 4
1 1 2 2 5 5 5 3 4 6 4
1 1 7 2 5 8 5 3 4 6 4
1 7 7 2 5 8 5 3 4 6 4
1 1 7 2 5 8 5 3 4 4 4
1 1 7 2 5 5 5 9 9 9 9
1 1 7 2 2 9 9 9 1 1 1
1 1 9 9 9 9 1 1 1 1 10
1 1 1 1 1 1 1 1 10 10 10
1 1 1 1 1 10 10 10 10 11 11
1 1 10 10 10 10 11 11 11 11 11

# level101
7
1 1 1 1 1 1 1
1 1 1 2 3 3 1
1 1 2 2 2 3 3
4 2 2 2 2 2 5
4 4 2 2 2 5 5
4 2 2 6 2 2 6
7 7 7 6 6 6 6

# level102
9
1 2 2 2 2 2 2 2 2
1 2 3 3 3 2 4 4 2
1 3 3 5 3 4 4 6 2
1 3 5 5 4 4 7 6 6
1 3 5 8 8 7 7 7 6
1 3 5 5 8 8 7 9 6
1 3 3 5 3 8 9 9 6
1 1 3 3 3 1 1 9 9
1 1 1 1 1 1 1 1 1

# level103
9
1 2 2 2 2 2 2 2 2
1 3 4 4 4 4 4 4 2
1 3 5 5 6 6 7 4 2
1 3 5 6 6 7 7 4 2
1 3 5 8 6 7 9 4 2
1 3 5 8 8 7 9 4 2
1 3 8 8 9 9 9 4 2
1 3 3 2 2 2 2 2 2
1 1 3 3 3 3 3 3 3

# level104
7
1 1 1 1 1 1 2
1 3 3 4 4 1 2
1 3 3 4 4 1 2
1 1 1 1 1 1 2
5 5 5 6 6 7 7
5 5 5 5 6 6 7
5 5 5 5 6 6 7

# level105
8
1 2 2 2 2 2 2 2
1 3 3 2 2 2 2 2
4 3 5 5 5 2 2 2
4 4 5 6 6 6 2 2
4 4 4 6 7 7 7 7
4 4 4 6 7 8 8 8
4 4 8 8 7 8 8 8
4 8 8 8 8 8 8 8

# level106
7
1 1 1 1 1 1 1
1 2 2 2 2 2 3
1 2 2 2 2 2 3
4 5 6 6 3 3 3
4 5 6 7 7 3 3
4 5 6 7 3 3 3
4 4 4 7 3 3 3

# level107
9
1 1 1 2 2 2 3 3 4
1 1 1 2 3 3 3 3 3
1 1 1 2 2 3 3 3 3
5 1 1 2 3 3 3 3 3
6 6 6 2 2 2 9 3 9
6 7 7 7 8 7 9 3 9
6 6 7 7 7 7 9 3 9
6 7 7 7 7 7 9 3 9
6 6 6 7 7 7 9 9 9

# level108
8
1 1 1 2 2 2 3 3
1 1 1 1 2 4 4 3
1 1 1 1 2 4 4 3
5 1 1 1 1 4 6 6
5 5 1 1 1 1 1 6
7 5 8 1 1 1 1 1
7 7 8 8 1 1 1 1
7 7 7 8 8 1 1 1

# level109
8
1 2 3 4 5 5 5 5
1 2 3 4 6 7 7 5
1 2 3 4 6 6 7 5
1 2 3 4 4 6 6 5
2 2 3 3 4 4 4 4
2 2 3 3 3 3 3 4
2 2 2 2 2 2 2 2
2 2 2 8 8 8 8 8

# level110
9
1 1 2 2 2 3 3 3 3
1 1 2 4 5 3 3 3 3
1 1 4 4 5 6 6 3 3
1 1 4 5 5 5 6 6 3
1 5 5 5 5 5 5 5 7
1 8 8 5 5 5 9 7 7
1 7 8 8 5 9 9 7 7
7 7 7 7 5 9 7 7 7
7 7 7 7 7 7 7 7 7

# level111
7
1 1 2 2 2 3 3
1 2 2 4 2 2 3
1 2 4 4 4 2 5
1 2 2 4 2 2 5
1 6 2 2 2 6 6
6 6 6 7 6 6 6
6 6 6 6 6 6 6

# level112
8
1 1 1 1 1 1 1 2
1 1 1 1 1 1 2 2
1 1 1 3 4 1 2 2
1 1 1 3 4 5 2 6
1 1 3 3 4 5 2 6
1 7 3 8 4 4 2 6
7 7 7 8 4 4 4 6
7 7 7 8 4 4 4 6

# level113
9
1 1 1 1 1 1 1 2 2
1 1 1 3 3 3 2 2 2
1 1 3 3 4 3 3 2 2
1 3 3 4 4 4 3 3 2
1 3 4 4 4 5 5 3 2
6 3 3 4 5 5 3 3 2
6 7 3 3 5 3 3 8 9
6 7 6 3 3 3 8 8 9
6 6 6 6 6 6 6 9 9

# level114
8
1 1 1 2 2 2 3 3
1 1 2 2 2 4 4 3
1 2 2 2 2 4 4 2
5 5 5 5 2 2 2 2
6 7 7 5 5 2 2 2
6 7 7 7 5 2 2 8
6 6 5 5 5 2 2 8
6 6 6 6 5 8 8 8

# level115
9
1 1 1 1 1 1 1 1 1
1 1 2 2 2 2 2 2 1
1 1 3 3 3 3 3 2 1
1 1 3 3 4 4 3 5 1
1 1 3 6 6 4 3 5 1
1 7 7 7 6 3 3 5 1
9 8 8 7 3 3 3 5 1
9 9 8 7 1 1 1 1 1
9 9 9 1 1 1 1 1 1

# level116
9
1 1 1 1 1 1 2 2 2
3 4 4 4 5 1 1 1 2
3 3 3 4 5 1 6 6 2
7 4 4 4 5 8 6 8 2
7 4 9 9 9 8 6 8 2
7 4 4 4 9 8 8 8 2
7 7 7 7 9 2 2 8 2
7 7 7 7 7 2 2 8 2
7 7 7 2 2 2 2 2 2

# level117
10
1 1 1 1 1 2 2 2 2 2
1 1 1 3 2 2 3 2 2 2
1 1 3 3 2 2 3 3 2 2
4 1 3 3 3 3 3 3 5 2
4 1 1 3 3 3 3 5 5 2
4 4 1 1 3 3 6 7 7 2
4 8 8 9 3 3 6 6 7 2
8 8 9 9 3 3 6 6 10 2
8 8 3 3 3 3 3 3 10 2
8 10 10 10 10 10 10 10 10 10

# level118
8
1 2 2 3 4 4 4 5
1 1 2 3 3 4 4 5
6 1 1 1 1 4 4 5
6 6 1 1 1 1 4 5
7 7 1 1 1 1 4 1
8 7 1 1 1 1 1 1
8 8 8 1 1 1 1 1
8 8 8 8 8 1 1 1

# level119
10
1 1 1 1 1 1 1 1 1 1
1 1 1 1 1 1 1 2 2 1
1 3 3 1 1 1 4 2 2 1
1 3 3 1 1 4 4 4 1 1
1 1 1 5 5 5 4 1 1 1
1 1 1 5 5 5 6 6 6 1
1 1 7 5 5 5 6 6 6 1
1 7 7 7 8 8 6 6 6 1
9 9 7 1 8 8 10 10 1 1
9 9 1 1 1 1 1 1 1 1

# level120
9
1 1 1 1 2 3 3 3 3
1 4 1 2 2 2 3 3 3
4 4 4 5 2 5 3 3 3
6 4 5 5 5 5 5 7 3
6 6 6 5 8 5 7 7 7
6 6 5 5 5 5 5 7 9
6 6 6 5 6 5 9 9 9
6 6 6 6 6 6 6 9 9
6 6 6 6 6 6 6 6 6

# level121
10
1 1 1 1 1 2 3 3 3 3
1 4 2 2 2 2 5 5 5 3
1 4 2 6 6 5 5 5 5 3
1 4 6 6 5 5 5 5 5 3
1 6 6 5 5 5 5 5 7 7
6 6 5 5 5 5 5 6 7 7
6 5 5 5 5 5 6 6 8 7
6 5 5 5 5 6 6 8 8 7
6 5 5 5 6 6 8 8 9 9
6 6 6 6 6 10 10 10 9 9

# level122
8
1 1 1 1 1 1 1 1
1 2 1 1 1 3 3 1
2 2 4 4 5 5 3 3
2 2 2 4 5 3 3 3
2 6 2 7 8 3 3 3
6 6 7 7 8 8 8 3
6 6 6 6 6 6 8 3
6 3 3 3 3 3 3 3

# level123
10
1 1 1 1 1 2 2 1 1 1
1 1 3 3 1 2 2 1 1 1
1 1 3 3 1 2 4 4 1 1
5 1 3 1 1 1 4 4 1 1
5 5 1 1 1 1 4 1 1 1
6 6 1 1 1 1 1 1 1 1
6 6 7 8 8 9 9 1 1 1
6 7 7 8 8 9 9 1 10 10
1 1 1 8 1 1 9 1 10 10
1 1 1 1 1 1 1 1 1 10

# level124
11
1 1 2 2 2 3 4 4 4 5 5
1 3 2 3 3 3 4 5 5 5 5
1 3 2 2 2 3 4 4 4 5 5
1 3 3 3 2 3 4 5 5 5 5
6 3 2 2 2 3 4 4 4 5 5
6 3 3 3 3 3 3 3 3 3 5
6 3 7 7 7 3 8 8 8 3 5
6 6 7 9 7 10 10 8 3 3 5
6 6 7 7 7 10 11 8 3 3 5
6 6 7 11 11 10 11 8 3 3 3
6 6 7 11 11 11 11 8 3 3 3

# level125
7
1 1 1 2 2 2 2
3 1 4 4 4 2 2
3 1 1 1 4 2 5
3 3 4 4 4 2 5
6 6 4 7 7 5 5
6 5 4 4 4 5 5
5 5 5 5 5 5 5

# level126
8
1 1 2 2 2 2 2 3
1 4 4 4 2 2 2 3
1 1 1 4 5 5 5 3
1 4 4 4 5 6 5 3
7 7 7 4 5 5 5 3
7 4 4 4 8 8 5 3
7 7 7 7 5 5 5 3
7 7 7 7 7 3 3 3

# level127
9
1 1 1 1 2 2 3 3 3
1 4 4 4 4 2 2 2 3
1 4 5 5 5 5 2 2 3
1 4 5 6 6 6 6 2 7
1 4 5 6 2 2 2 2 7
1 4 5 6 6 6 6 2 8
1 4 5 5 5 5 9 9 8
1 4 4 4 4 9 9 8 8
1 1 1 1 9 9 8 8 8

# level128
9
1 1 1 2 3 3 3 3 4
1 2 2 2 3 3 4 4 4
1 1 2 2 2 4 4 4 4
5 1 6 6 6 6 7 4 7
5 5 6 8 8 6 7 7 7
5 6 6 6 8 6 6 6 6
6 6 8 8 8 8 8 6 9
6 8 8 8 8 8 8 8 9
6 6 8 8 8 8 8 9 9

# level129
8
1 1 1 2 3 3 3 4
1 2 2 2 2 2 3 4
1 1 1 2 5 5 5 4
1 6 6 6 6 5 5 4
1 6 7 4 4 4 4 4
7 7 7 4 4 4 4 4
8 7 8 4 4 4 4 4
8 8 8 4 4 4 4 4

# level130
10
1 1 1 1 1 1 1 1 2 2
1 1 3 4 4 4 4 2 2 5
1 3 3 3 4 4 2 2 5 5
1 1 3 6 4 2 2 7 7 7
1 1 6 6 2 2 8 8 8 7
1 1 6 2 2 8 8 8 8 7
1 1 2 2 7 8 8 9 8 7
1 2 2 7 7 7 9 9 9 7
2 2 10 10 7 7 7 9 7 7
2 10 10 7 7 7 7 7 7 7

# level131
11
1 1 1 1 1 1 1 1 1 1 1
1 1 2 1 1 1 1 1 1 1 1
3 3 2 2 1 4 1 1 1 5 1
3 3 3 2 4 4 4 1 5 5 5
3 6 3 2 4 4 4 1 5 7 7
3 6 3 2 4 8 4 1 5 7 5
3 6 3 2 4 4 4 1 5 5 5
3 3 3 2 4 4 4 1 5 5 5
3 3 2 2 9 4 10 1 10 5 11
10 2 2 2 9 9 10 10 10 10 11
10 10 10 10 10 10 10 11 11 11 11

# level132
7
1 1 1 1 1 1 1
1 1 2 1 3 3 1
1 2 2 4 4 3 3
1 2 5 5 4 4 3
1 1 1 5 5 3 3
1 1 6 6 7 7 3
1 1 1 6 6 7 7

# level133
9
1 1 1 1 1 2 2 2 2
2 2 3 3 3 3 2 2 2
2 2 2 4 4 4 4 2 2
2 2 2 2 2 2 5 5 2
2 2 2 2 2 2 2 2 2
2 2 2 6 6 6 2 2 2
2 2 2 7 7 7 7 2 2
2 2 2 2 2 8 8 8 2
2 2 2 2 2 2 9 9 9

# level134
10
1 1 1 1 1 1 1 1 1 1
1 2 2 2 3 3 3 3 3 4
1 5 6 6 6 7 7 7 3 4
1 5 6 6 6 6 7 7 8 4
1 5 9 6 6 10 7 10 8 4
1 5 9 6 9 10 10 10 8 4
1 5 9 9 9 9 10 10 8 4
1 5 9 9 9 9 10 10 8 4
1 5 5 5 5 5 5 8 8 4
1 1 1 1 1 4 4 4 4 4

# level135
8
1 1 1 2 2 2 3 3
1 4 1 4 2 3 3 3
1 4 4 4 2 5 5 5
1 4 4 4 2 6 6 6
1 1 4 2 2 6 4 6
1 1 4 4 4 4 4 6
1 7 4 4 4 4 4 6
7 7 4 8 8 8 4 6

# level136
8
1 2 2 2 2 2 2 2
1 3 4 4 4 2 2 1
1 3 3 3 5 5 2 1
1 1 6 3 5 6 1 1
1 7 6 6 5 6 8 1
1 7 6 6 6 6 8 1
1 7 7 7 7 8 8 1
1 1 1 1 1 1 1 1

# level137
9
1 1 1 1 1 1 1 1 1
2 3 3 3 3 3 3 3 1
2 3 4 4 4 4 4 3 1
2 3 4 5 5 6 4 3 1
2 3 4 5 5 6 4 3 1
2 3 7 6 6 6 8 9 1
2 9 7 7 7 8 8 9 1
2 9 9 9 9 9 9 9 1
2 2 2 2 2 2 2 2 2

# level138
11
1 1 1 1 1 2 2 3 3 4 4
1 1 1 1 1 1 2 2 3 4 4
1 1 1 1 1 1 1 3 3 5 4
1 1 1 1 1 1 1 1 6 5 5
1 1 1 1 1 1 1 1 6 6 5
7 1 1 1 1 1 1 1 1 6 6
7 7 7 1 1 1 1 1 1 1 1
8 7 7 7 1 1 1 1 1 1 1
8 8 9 10 10 1 1 1 1 1 1
11 8 9 9 10 9 1 1 1 1 1
11 11 11 9 9 9 1 1 1 1 1

# level139
7
1 1 1 1 1 1 2
1 1 1 1 1 2 2
1 3 3 3 3 3 2
1 3 4 4 4 3 5
1 3 3 3 3 3 5
1 1 1 6 7 5 5
1 1 6 6 7 7 7

# level140
10
1 1 1 1 1 1 1 1 1 1
1 1 2 2 2 2 2 2 2 2
1 3 4 4 4 5 2 2 2 2
1 3 2 2 2 5 2 2 2 2
1 3 2 2 2 6 6 6 7 2
1 3 2 2 2 2 2 2 7 2
1 3 8 8 8 8 8 2 7 2
1 1 1 1 1 1 9 2 7 2
1 1 1 1 1 1 9 2 2 2
1 1 1 1 10 10 10 2 2 2

# level141
11
1 1 1 1 1 1 1 1 1 1 1
1 2 1 2 1 1 1 1 1 3 1
2 2 2 2 2 4 1 4 3 3 1
5 2 2 2 4 4 4 4 4 3 1
2 2 2 2 2 4 4 4 3 3 1
6 2 6 2 4 4 4 4 4 3 1
6 6 6 6 7 4 7 4 3 3 1
6 6 6 7 7 7 7 7 8 9 1
6 6 6 6 7 7 7 8 8 9 1
6 10 6 7 7 7 7 7 8 9 9
10 10 10 10 7 11 7 8 8 8 8

# level142
9
1 1 1 1 1 1 1 1 1
1 2 2 3 3 3 3 4 1
1 3 3 3 3 3 3 4 1
1 5 6 7 7 7 7 4 1
1 5 6 8 7 8 7 8 1
1 5 6 8 8 8 8 8 1
1 5 6 8 8 8 8 8 1
6 5 6 8 9 9 9 9 8
6 6 6 8 8 8 8 8 8

# level143
9
1 1 1 1 1 2 3 3 3
1 1 1 4 2 2 2 3 3
1 1 4 4 4 2 5 3 3
1 1 1 4 6 5 5 5 3
1 1 7 6 6 6 5 8 3
1 7 7 7 6 9 8 8 8
1 1 7 1 9 9 9 8 1
1 1 1 1 1 9 1 1 1
1 1 1 1 1 1 1 1 1

# level144
10
1 1 1 1 1 1 1 1 1 1
1 1 2 2 2 1 3 1 1 1
1 4 2 5 5 5 3 3 3 3
1 4 2 2 2 5 3 3 3 3
1 4 2 5 5 5 6 6 6 3
1 4 2 2 2 5 6 7 7 7
4 4 4 5 5 5 6 6 6 7
4 8 4 8 9 8 6 7 7 7
4 8 4 8 9 8 6 6 6 7
4 8 8 8 8 8 10 7 7 7

# level145
9
1 1 1 1 1 1 2 2 2
1 3 3 3 3 3 3 3 2
3 3 4 3 4 3 4 3 3
3 4 4 4 4 4 4 4 5
3 3 6 4 7 7 8 5 5
3 6 6 7 7 8 8 8 5
3 3 6 9 7 9 8 9 5
9 3 3 9 9 9 9 9 9
9 9 9 9 9 9 9 9 9

# level146
8
1 1 1 1 1 1 1 2
3 1 1 1 1 1 2 2
3 3 4 1 1 1 5 2
3 6 4 4 1 5 5 5
6 6 4 1 1 1 1 1
1 6 1 1 7 1 1 8
1 1 1 7 7 7 8 8
1 1 1 1 1 1 1 8

# level147
9
1 1 1 1 1 1 1 1 1
1 2 2 3 3 4 4 4 4
1 2 2 3 3 5 5 4 4
1 4 4 4 4 5 5 4 4
1 4 6 6 4 7 7 4 4
1 4 6 6 4 7 7 4 4
1 4 4 4 8 8 9 9 4
1 4 4 4 8 8 9 9 4
1 4 4 4 4 4 4 4 4

# level148
8
1 1 1 1 1 1 1 1
2 3 3 4 4 5 5 1
2 3 3 4 4 5 5 1
2 2 4 4 4 4 1 1
6 2 7 7 7 7 1 1
6 7 7 6 6 7 7 1
6 7 6 6 8 8 7 1
6 6 6 6 6 8 8 1

# level149
7
1 1 1 1 1 2 3
1 1 1 1 2 2 2
1 4 1 1 5 2 5
4 4 1 6 5 5 5
4 4 6 6 6 5 5
4 6 6 6 6 6 5
6 6 6 7 6 6 6

# level150
11
1 1 1 1 1 1 1 1 1 1 1
1 1 1 2 2 2 2 2 1 1 1
1 1 3 2 4 4 4 2 2 1 1
1 3 3 4 4 5 4 4 2 2 1
1 3 4 4 4 5 4 4 4 2 1
1 6 4 4 4 5 5 5 4 7 1
1 6 4 4 4 4 4 4 4 7 1
1 6 6 4 4 4 4 4 8 7 1
9 9 6 6 4 4 4 8 8 1 1
9 9 9 6 10 10 10 10 1 1 1
9 9 9 9 9 11 11 10 1 1 1

# level151
8
1 1 1 1 2 2 3 3
1 4 4 1 2 5 5 3
4 4 4 4 2 5 5 3
4 4 4 4 4 4 3 3
6 6 4 4 4 4 4 4
6 7 4 4 4 4 4 4
6 7 4 4 8 4 4 8
6 6 4 4 8 8 8 8

# level152
10
1 1 2 2 3 3 3 3 3 3
1 1 1 2 2 4 3 3 3 3
5 1 1 1 2 4 4 3 3 6
5 5 1 1 1 4 3 3 6 6
3 7 7 1 3 3 3 6 6 6
3 7 7 7 3 3 8 8 6 6
3 3 7 3 3 8 8 8 6 6
3 3 3 3 9 8 8 8 8 8
3 3 3 10 9 9 9 8 8 8
3 3 10 10 10 9 9 8 8 8

# level153
8
1 1 1 1 1 2 2 2
1 2 2 2 1 2 3 2
2 2 4 2 1 2 3 2
5 5 2 2 1 2 3 2
2 2 2 6 2 2 3 2
2 7 7 2 2 3 3 2
2 2 2 2 3 3 2 2
2 2 2 3 3 2 2 8

# level154
8
1 1 2 2 2 3 3 3
1 2 2 2 2 2 3 3
2 2 2 2 2 2 2 2
2 4 5 5 5 5 4 2
2 4 5 5 6 6 4 7
2 4 5 5 5 5 4 7
8 4 5 5 5 5 4 7
8 4 4 4 4 4 4 7

# level155
9
1 1 1 1 2 2 2 2 2
1 1 3 1 2 4 4 2 2
1 3 3 5 2 4 2 2 2
1 3 5 5 2 4 2 2 2
2 2 2 2 2 2 2 2 2
2 2 2 2 2 6 6 6 6
2 2 7 2 2 6 8 8 6
2 7 7 7 2 6 8 9 6
2 2 7 2 2 9 9 9 6

# level156
8
1 1 2 1 1 1 1 3
1 2 2 2 1 1 3 3
1 1 2 1 1 4 3 4
1 1 1 1 5 4 4 4
1 1 1 5 5 5 4 4
1 1 6 5 7 4 4 4
1 6 6 7 7 4 8 8
6 6 7 7 8 8 8 8

# level157
9
1 1 1 1 1 1 1 1 1
2 2 2 2 2 2 2 2 1
2 3 3 3 3 3 3 2 1
4 3 5 6 6 6 3 2 7
4 3 5 8 8 6 3 2 7
4 3 5 8 6 6 3 2 7
9 3 5 3 3 3 3 2 7
9 2 2 2 2 2 2 2 7
9 9 9 9 7 7 7 7 7

# level158
10
1 1 1 1 1 1 1 1 1 2
1 1 3 1 1 1 4 4 2 2
6 1 3 3 1 1 4 2 2 7
6 6 3 3 8 1 4 7 7 7
5 6 6 3 8 8 8 7 7 7
5 5 5 8 8 8 9 9 9 7
5 5 10 10 10 8 9 9 7 7
5 5 10 7 7 7 9 7 7 7
7 5 5 5 7 7 7 7 7 7
7 7 7 7 7 7 7 7 7 7

# level159
10
1 1 1 2 2 2 1 1 1 1
1 2 2 2 2 2 1 3 3 3
1 1 1 1 1 1 1 3 4 3
1 1 1 5 5 5 6 3 4 1
1 7 7 7 8 5 6 4 4 1
1 1 9 7 8 6 6 4 4 1
1 1 9 8 8 6 6 1 1 1
1 9 9 8 8 1 1 1 10 1
1 9 9 1 1 1 10 10 10 1
1 1 1 1 1 1 1 1 10 1

# level160
7
1 1 1 1 1 1 1
2 2 2 2 2 2 1
3 2 2 2 2 2 1
3 3 4 4 4 4 1
3 3 5 6 6 4 1
7 7 5 5 6 4 1
7 7 5 6 6 4 1

# level161
9
1 1 1 1 2 1 1 1 1
1 3 3 1 2 1 4 4 1
1 3 3 1 1 1 5 5 1
1 1 3 3 3 6 6 5 1
7 1 1 1 1 6 1 1 1
7 7 7 7 1 6 6 6 6
7 7 8 7 1 1 1 6 6
7 8 8 8 9 9 1 1 6
7 7 7 7 7 7 7 1 1

# level162
8
1 1 1 2 2 2 2 2
3 3 1 1 4 2 5 5
3 6 4 4 4 7 5 5
6 6 6 4 7 7 7 5
6 6 6 8 8 7 5 5
6 6 8 8 8 8 5 5
6 8 8 8 8 8 8 5
8 8 8 8 8 8 8 8

# level163
10
1 1 2 2 2 2 2 2 2 2
1 1 2 2 2 2 2 2 2 2
1 1 3 2 2 2 2 2 2 2
4 3 3 3 2 2 2 2 2 2
4 3 3 5 5 2 2 2 2 2
4 3 3 5 5 6 6 2 2 2
4 3 3 5 7 6 6 6 8 2
4 4 9 9 7 7 7 6 8 2
4 4 9 9 7 10 10 6 8 2
4 4 9 9 9 10 10 10 8 8

# level164
9
1 1 2 2 2 3 3 3 3
1 4 2 4 2 3 3 3 3
1 4 4 4 3 3 3 3 3
1 1 1 5 5 5 3 3 3
1 1 1 5 3 5 3 3 3
1 6 6 3 3 3 3 3 3
7 7 6 3 8 8 8 3 3
7 6 6 3 8 9 8 9 3
7 7 3 3 3 9 9 9 3

# level165
8
1 1 1 2 2 2 3 3
1 4 4 4 4 2 2 3
1 4 4 4 4 2 5 3
1 4 4 4 4 5 5 3
6 4 4 4 4 4 4 3
6 4 4 4 4 4 4 7
6 4 8 8 8 4 4 7
6 6 6 8 7 7 7 7

# level166
7
1 1 1 2 2 3 3
1 4 4 2 2 3 5
1 4 2 2 3 3 5
2 2 2 3 3 6 7
2 3 3 3 3 6 7
3 3 3 6 6 6 7
3 6 6 6 7 7 7

# level167
9
1 1 1 1 1 1 1 1 1
1 2 2 1 3 4 4 1 1
2 2 5 5 3 6 4 4 1
1 5 5 3 3 6 7 1 1
1 1 1 3 1 6 7 7 1
8 1 1 1 1 6 6 7 1
8 8 1 9 1 1 6 7 1
1 8 1 9 9 1 1 7 1
1 1 1 1 9 1 1 1 1

# level168
9
1 1 2 2 2 3 4 4 4
1 1 1 2 3 3 5 4 1
1 6 1 1 1 3 5 1 1
1 6 6 6 1 5 5 5 1
1 6 7 1 1 8 1 1 1
1 1 7 1 1 8 8 8 1
1 7 7 7 9 8 1 1 1
1 1 1 9 9 9 1 1 1
1 1 1 1 1 1 1 1 1

# level169
9
1 1 1 1 2 3 3 4 5
1 6 6 2 2 2 3 4 5
1 7 6 6 2 4 4 4 5
1 7 2 2 2 2 2 8 5
1 7 7 7 2 8 8 8 5
1 2 2 2 2 2 2 2 5
9 9 5 5 2 5 5 5 5
9 9 5 2 2 2 5 5 5
9 5 5 5 5 5 5 5 5

# level170
8
1 2 2 2 3 4 4 4
1 1 1 2 3 3 3 4
1 2 2 2 3 4 4 4
2 2 5 2 2 4 6 6
7 7 5 2 8 4 4 6
7 5 5 5 8 8 8 6
7 6 6 6 8 6 6 6
6 6 6 6 6 6 6 6

# level171
9
1 1 1 2 2 2 2 2 2
1 3 3 3 2 4 4 4 2
1 3 5 5 6 7 7 4 1
1 3 5 6 6 6 7 4 1
1 3 5 8 9 9 7 4 1
1 3 5 8 8 9 7 4 1
1 3 5 5 1 7 7 4 1
1 3 3 3 1 4 4 4 1
1 1 1 1 1 1 1 1 1

# level172
9
1 2 2 2 3 4 4 4 4
1 2 3 2 3 4 5 5 5
1 2 3 3 3 4 4 5 5
1 6 6 6 7 7 7 5 5
1 6 1 6 7 8 8 8 5
1 1 1 9 7 7 7 8 5
9 9 9 9 9 9 8 8 5
9 9 9 9 9 9 5 5 5
9 9 9 9 9 9 9 9 9

# level173
10
1 1 2 2 3 3 3 3 3 4
1 2 2 5 3 3 3 3 4 4
1 2 5 5 5 3 3 6 6 6
2 2 5 3 3 3 7 7 7 6
3 3 5 3 3 7 7 7 7 7
3 3 3 3 7 7 7 7 8 7
3 3 8 8 8 8 8 7 8 8
3 3 8 8 8 8 8 8 8 8
3 9 9 9 9 8 10 10 8 10
9 9 9 9 8 8 8 10 10 10

# level174
7
1 1 2 2 2 2 2
1 1 2 2 2 3 2
2 2 4 4 4 2 2
2 2 4 5 5 2 2
2 2 4 5 2 2 2
2 6 2 2 2 2 7
2 2 2 2 7 7 7

# level175
9
1 1 1 1 1 1 1 1 1
1 2 2 2 2 1 1 1 1
1 1 1 3 3 1 1 4 1
1 1 1 1 3 3 1 4 1
1 1 5 5 6 1 1 4 1
1 1 1 5 6 1 1 4 1
1 1 7 5 6 1 8 8 1
9 9 7 7 6 1 8 1 1
9 9 7 1 1 1 8 1 1

# level176
9
1 1 1 1 1 1 2 2 2
1 3 3 1 1 1 1 2 2
1 3 3 4 4 1 1 1 1
1 3 4 4 4 5 1 1 1
1 6 6 6 7 5 5 1 1
1 6 6 7 7 5 5 1 1
8 8 8 7 7 1 1 1 1
1 8 8 1 1 1 1 9 9
1 1 1 1 1 1 9 9 9

# level177
10
1 2 2 2 2 3 3 3 3 3
1 1 2 2 2 3 3 3 4 3
2 1 5 5 2 6 6 4 4 3
2 2 5 5 2 6 6 4 3 3
2 2 2 2 2 3 3 3 3 3
2 7 7 2 2 3 3 3 3 3
8 8 7 7 2 3 3 9 9 3
8 8 2 2 2 10 10 9 9 3
2 2 2 2 10 10 3 3 3 3
2 2 2 2 3 3 3 3 3 3

# level178
9
1 1 1 2 2 2 3 3 4
1 5 5 5 5 2 2 3 4
1 5 6 5 7 7 7 3 4
1 5 6 8 7 4 4 4 4
5 5 6 8 7 7 7 9 9
9 8 6 8 7 8 8 8 9
9 8 6 8 7 8 8 8 9
9 8 8 8 8 8 9 9 9
9 9 9 9 9 9 9 9 9

# level179
8
1 1 1 1 1 1 1 1
1 2 2 2 2 2 2 2
3 4 4 4 5 5 5 2
3 3 4 5 5 2 2 2
3 3 3 6 7 7 2 2
3 6 6 6 7 7 7 2
3 3 3 8 8 8 8 2
8 8 8 8 8 8 2 2

# level180
8
1 1 1 2 2 2 2 2
1 1 3 3 4 2 2 2
1 3 3 4 4 5 5 2
1 1 3 6 4 4 5 5
1 1 1 6 6 6 5 7
1 8 1 1 6 7 7 7
1 8 8 1 1 1 7 1
8 8 1 1 1 1 1 1

# level181
8
1 1 1 1 2 2 2 1
1 3 1 1 2 2 2 1
4 4 4 1 2 2 2 1
4 4 4 1 1 1 1 1
4 4 4 1 1 1 5 5
6 6 1 1 1 1 5 5
6 6 1 7 7 1 8 1
1 1 1 7 7 1 1 1

# level182
8
1 1 2 2 2 2 3 3
1 2 2 4 4 2 5 3
2 2 4 4 4 2 5 5
2 4 4 4 5 5 5 5
2 4 4 4 6 6 6 7
2 2 4 4 6 2 6 7
8 2 2 6 6 2 7 7
8 8 2 2 2 2 7 7

# level183
9
1 1 1 1 1 1 2 2 2
1 3 3 3 1 4 4 4 2
1 3 5 3 1 4 6 4 2
1 3 5 3 1 4 6 4 2
1 3 3 3 1 4 4 4 2
1 1 1 1 7 1 1 1 1
1 8 1 1 1 1 1 8 1
1 8 8 1 1 1 8 8 9
1 1 8 8 8 8 8 9 9

# level184
11
1 1 2 2 2 3 4 4 4 4 4
1 1 5 5 5 3 3 4 4 4 4
1 1 1 5 6 6 6 4 4 4 4
1 6 6 6 6 6 6 6 6 6 4
1 6 6 7 6 6 6 8 6 6 4
1 6 7 7 7 6 8 8 8 6 4
1 6 6 6 6 9 6 6 6 6 4
1 6 10 10 6 6 6 10 10 6 4
1 6 6 10 10 10 10 10 6 6 4
11 11 6 6 6 6 6 6 6 4 4
11 11 11 11 4 4 4 4 4 4 4

# level185
9
1 1 2 3 3 4 4 4 4
5 1 2 2 3 4 4 4 4
5 1 2 2 3 6 6 4 4
1 1 1 3 3 3 6 4 4
7 8 8 9 9 9 6 4 4
7 7 8 9 9 6 6 6 4
7 7 8 9 9 7 7 7 7
7 8 8 8 7 7 7 7 7
7 7 7 7 7 7 7 7 7

# level186
10
1 2 2 2 2 2 2 2 2 3
1 1 2 2 2 2 2 4 3 3
5 1 1 6 2 2 4 4 3 7
5 5 1 6 6 2 4 8 3 7
5 5 9 9 6 2 8 8 3 7
5 5 5 9 6 2 8 10 10 7
5 5 5 9 6 2 8 10 7 7
5 5 5 9 9 2 10 10 7 7
5 5 5 5 9 2 10 7 7 7
5 5 5 5 5 7 7 7 7 7

# level187
10
1 1 1 1 1 1 1 1 2 2
1 1 1 1 1 1 1 2 2 3
1 1 1 1 1 4 4 2 3 3
1 1 1 5 4 4 3 2 3 3
1 1 5 5 4 3 3 3 3 3
1 1 5 5 6 6 7 3 3 3
1 1 8 6 6 7 7 7 3 7
1 1 8 6 7 7 9 7 7 7
1 8 8 7 7 10 9 9 9 9
8 8 10 10 10 10 9 9 9 9

# level188
8
1 1 1 1 1 1 1 2
1 1 1 1 1 1 3 2
1 1 1 1 4 1 3 2
1 1 1 5 4 6 3 2
1 1 1 5 4 6 3 2
1 1 7 5 4 6 3 2
1 8 7 5 4 6 3 2
1 8 7 5 4 6 3 2

# level189
7
1 1 1 1 1 1 2
1 3 4 4 4 2 2
1 3 4 2 2 2 2
3 3 4 4 4 2 2
5 5 6 6 4 2 2
5 7 4 4 4 2 2
5 7 7 7 2 2 2

# level190
9
1 1 1 1 2 3 3 4 4
1 5 5 1 2 3 3 3 4
1 5 5 6 6 6 3 3 4
1 5 6 6 6 6 6 3 4
1 5 6 6 7 6 6 3 4
1 5 6 7 7 7 6 3 8
1 5 6 1 7 3 6 3 8
1 1 1 1 9 3 3 3 8
1 1 1 1 9 9 9 8 8

# level191
10
1 1 1 1 1 1 1 1 1 1
1 1 1 1 2 2 1 1 1 1
1 1 1 2 2 2 2 1 3 1
1 1 4 2 2 2 2 3 3 5
1 4 4 2 2 2 2 3 5 5
1 6 6 6 6 6 6 6 7 6
1 6 6 8 8 8 6 7 7 6
1 6 6 6 8 6 6 6 6 6
1 6 9 9 9 10 10 10 6 10
1 1 9 9 9 9 9 10 10 10

# level192
9
1 1 2 2 2 2 2 2 2
1 1 2 3 3 3 2 2 4
1 1 3 3 5 3 3 2 4
6 1 3 3 5 3 3 4 4
6 1 1 3 5 3 4 4 4
6 6 3 3 5 3 3 4 4
7 7 3 3 5 3 3 4 4
7 8 8 3 3 3 9 4 4
7 7 8 8 9 9 9 4 4

# level193
9
1 1 1 1 1 1 1 1 1
1 2 2 2 1 2 2 2 1
1 3 3 2 1 2 4 4 1
1 5 3 2 1 2 4 1 1
6 5 5 2 2 2 7 7 8
6 5 6 6 2 8 7 8 8
6 6 6 6 2 8 8 8 8
9 6 8 2 2 2 8 8 8
9 6 8 8 8 8 8 8 8

# level194
10
1 1 2 2 2 2 2 3 3 3
1 4 4 2 4 2 4 3 4 3
1 1 4 4 4 4 4 4 4 3
1 4 4 5 5 6 6 4 3 3
1 1 4 7 5 5 6 4 4 3
1 4 4 7 8 8 6 4 3 3
9 9 4 7 8 8 8 4 4 10
9 4 4 4 4 4 4 4 10 10
9 4 9 4 9 4 9 4 4 10
9 9 9 9 9 9 9 10 10 10

# level195
8
1 1 1 1 1 1 1 1
2 1 1 1 1 1 1 1
2 3 3 1 4 4 1 1
2 2 3 1 5 4 1 1
2 2 3 5 5 4 1 1
2 3 3 3 4 4 4 6
2 7 7 7 6 6 6 6
8 8 8 7 7 6 6 6

# level196
7
1 2 2 3 3 4 4
1 1 2 2 3 4 4
1 2 2 2 2 5 5
2 2 2 2 2 2 5
2 2 6 2 2 2 2
2 6 6 6 2 2 2
7 7 7 7 7 2 2

# level197
10
1 2 1 1 1 3 1 1 1 1
1 2 2 1 3 3 3 1 4 1
1 2 1 1 1 1 1 1 4 1
1 1 1 5 5 1 4 4 4 1
6 6 1 5 5 1 1 1 1 1
1 6 1 1 1 1 7 1 8 1
1 1 1 1 7 7 7 1 8 1
1 9 1 1 1 1 1 1 8 1
1 9 9 1 10 10 10 1 8 8
1 9 1 1 1 10 10 1 1 1

# level198
8
1 2 2 2 2 2 2 2
1 3 4 4 4 2 2 1
1 3 3 3 5 5 2 1
1 1 6 3 5 6 1 1
1 7 6 6 5 6 8 1
1 7 6 6 6 6 8 1
1 7 7 7 7 8 8 1
1 1 1 1 1 1 1 1

# level199
9
1 2 2 2 2 2 3 3 3
1 1 4 4 4 2 5 5 3
1 4 4 4 4 6 5 5 3
1 4 4 4 6 6 6 3 3
1 4 4 7 7 6 3 3 3
4 4 8 7 7 3 3 3 3
4 8 8 8 3 3 3 3 3
9 9 8 3 3 3 3 3 3
9 9 3 3 3 3 3 3 3

# level200
11
1 1 1 2 2 2 2 2 2 2 2
3 3 1 2 2 2 2 2 2 2 2
1 1 1 2 2 2 2 2 2 2 2
1 2 2 2 4 4 4 2 5 5 2
1 1 1 2 4 6 4 2 2 5 2
7 7 7 2 4 6 4 5 5 5 2
7 2 2 2 4 6 4 5 8 8 8
7 2 9 9 4 4 4 5 8 10 8
7 2 9 2 11 11 5 5 8 10 8
7 2 9 2 2 11 11 5 8 10 8
2 2 2 2 2 11 5 5 8 8 8

# level201
9
1 1 1 1 1 1 1 1 1
1 1 1 1 2 1 1 1 1
1 1 1 1 2 1 1 3 1
1 1 1 2 2 4 4 3 1
1 1 1 2 2 4 4 3 5
1 6 6 6 7 4 3 3 5
8 6 7 7 7 4 3 5 5
8 6 6 6 7 9 5 5 9
8 8 8 8 7 9 9 9 9

# level202
7
1 1 1 2 2 3 3
1 4 1 2 2 2 3
1 4 4 2 2 2 2
2 2 2 2 2 2 2
2 2 2 2 5 5 6
7 2 2 2 5 6 6
7 7 2 2 6 6 6

# level203
7
1 2 2 2 2 2 2
1 1 2 3 3 4 2
5 1 1 3 4 4 2
5 5 1 4 4 4 2
6 5 1 1 4 2 2
6 6 6 7 2 2 2
6 6 6 7 2 2 2

# level204
9
1 1 1 1 1 1 1 1 1
1 1 1 1 2 1 1 1 1
1 2 2 2 2 2 3 3 1
1 1 4 4 2 3 3 1 1
5 1 1 4 2 3 1 1 6
5 5 1 1 2 1 1 6 6
7 5 5 1 1 1 8 9 6
7 7 5 5 1 8 8 9 6
7 5 5 5 5 5 9 9 9

# level205
9
1 1 2 2 2 3 3 1 1
1 1 1 1 2 2 3 3 1
1 4 4 1 1 1 1 1 1
5 5 4 4 4 1 1 6 1
1 5 5 5 7 7 1 6 1
1 8 8 7 7 9 6 6 1
1 1 8 8 9 9 6 1 1
1 1 1 1 9 1 1 1 1
1 1 1 1 1 1 1 1 1

# level206
8
1 1 1 2 3 3 3 4
1 2 2 2 2 2 3 4
1 1 1 2 5 5 5 4
1 6 6 6 6 5 5 4
1 6 7 4 4 4 4 4
7 7 7 4 4 4 4 4
8 7 8 4 4 4 4 4
8 8 8 4 4 4 4 4

# level207
10
1 2 2 2 3 3 3 3 3 4
1 2 3 3 3 3 3 3 3 4
1 2 3 4 4 4 4 4 4 4
1 5 5 4 4 4 4 4 4 4
1 5 6 6 6 6 6 6 6 4
1 5 6 6 6 6 7 7 6 4
1 1 1 1 1 1 1 7 8 4
1 1 1 1 1 1 1 7 8 4
1 9 10 10 7 7 7 7 8 4
1 9 9 10 10 8 8 8 8 4

# level208
9
1 2 2 2 2 2 3 3 3
1 1 1 3 3 2 4 4 3
3 3 3 3 3 2 4 3 3
3 3 5 5 5 5 4 3 3
3 3 5 6 6 6 7 3 3
3 3 8 6 7 7 7 3 3
3 3 8 6 3 3 3 3 3
3 3 8 8 3 3 3 3 9
3 3 3 3 3 3 9 9 9

# level209
8
1 1 1 1 1 2 1 1
3 3 3 3 1 2 1 4
1 1 1 1 1 2 1 4
1 5 5 5 1 2 1 4
1 1 1 1 1 1 1 1
1 6 1 7 1 8 8 8
1 6 1 7 1 1 1 1
1 1 1 7 1 1 1 1

# level210
8
1 1 1 2 2 2 2 2
1 3 1 2 2 2 2 2
1 3 1 2 2 2 2 2
1 3 4 4 4 5 5 5
1 3 4 4 4 5 6 5
7 3 4 4 4 6 6 5
3 3 4 4 4 6 8 5
3 3 4 4 4 6 8 8

# level211
8
1 1 1 1 1 1 1 1
2 3 3 3 4 4 4 1
2 3 5 5 5 5 4 1
2 3 3 5 5 6 6 1
2 2 6 5 5 6 1 1
2 2 6 7 7 6 1 1
8 8 6 6 6 6 1 1
8 1 1 1 1 1 1 1

# level212
9
1 2 2 2 2 2 2 2 2
1 1 3 3 3 3 3 2 2
1 3 3 3 3 4 3 3 5
1 3 6 3 3 4 4 3 5
1 3 3 3 3 3 3 3 5
1 3 3 7 7 3 8 3 5
1 3 3 7 7 3 3 3 5
1 1 3 3 3 3 3 5 5
1 1 9 9 9 9 9 9 9

# level213
9
1 1 1 1 1 1 1 1 1
1 2 2 2 2 2 2 3 4
1 2 5 5 5 5 5 3 4
1 2 5 6 6 6 5 3 4
1 4 5 6 7 6 5 3 4
1 4 8 6 7 7 5 3 4
1 4 8 5 5 5 5 9 4
1 4 8 8 8 8 9 9 4
1 4 4 4 4 4 4 4 4

# level214
10
1 1 1 1 1 1 1 1 1 1
2 2 3 3 3 3 3 3 3 3
2 4 4 4 4 4 4 4 4 3
2 4 5 5 5 5 5 5 4 3
6 4 5 7 7 7 7 5 4 3
6 4 5 8 8 8 8 5 4 3
4 4 5 8 9 9 8 5 4 4
4 4 5 8 10 9 8 5 4 4
5 5 5 8 9 9 8 5 5 5
8 8 8 8 9 9 8 8 8 8

# level215
9
1 2 2 2 2 2 2 2 2
1 1 2 3 3 3 2 2 2
1 2 2 3 4 3 2 2 2
1 5 2 4 4 4 6 6 2
1 5 4 4 4 4 4 6 2
1 5 5 7 4 7 6 6 2
1 1 1 7 4 7 2 2 2
8 9 9 7 7 7 2 2 2
8 8 9 9 9 9 9 2 2

# level216
7
1 1 1 2 3 3 3
1 1 1 4 3 3 3
1 1 4 4 4 5 5
1 4 4 4 4 4 5
1 1 4 4 4 6 6
7 7 4 7 4 6 6
7 7 7 7 6 6 6

# level217
8
1 1 1 1 1 1 1 1
1 2 2 1 1 3 3 1
4 2 4 1 1 5 3 6
4 2 4 1 1 5 5 6
4 4 4 1 1 6 5 6
7 8 8 1 1 6 5 6
7 8 8 1 1 6 5 6
7 7 7 7 6 6 6 6

# level218
8
1 1 1 1 1 2 2 2
1 3 3 3 3 3 2 2
3 3 3 3 3 2 2 2
4 4 5 5 5 2 2 2
4 6 7 5 5 2 2 8
4 6 7 7 5 2 8 8
5 6 6 5 5 2 8 8
5 5 5 5 5 2 2 8

# level219
8
1 1 1 1 1 1 2 2
1 1 3 3 1 1 1 2
4 1 1 1 1 1 1 2
4 1 1 5 5 1 1 1
4 4 1 1 1 1 1 1
1 1 1 1 1 6 6 1
7 1 1 1 1 1 1 1
7 7 7 1 1 1 8 8

# level220
10
1 1 1 2 2 2 3 3 3 3
1 4 4 2 5 3 3 3 3 3
4 4 4 2 5 3 3 3 3 3
4 5 5 5 5 5 5 5 5 3
5 5 5 5 5 5 6 5 5 5
5 5 5 5 7 5 6 5 5 5
5 5 8 5 7 5 6 5 5 5
9 5 8 5 7 7 6 6 10 5
9 5 8 8 7 7 6 6 10 5
9 9 8 8 7 7 6 6 10 10

# level221
8
1 1 1 1 1 1 1 1
2 3 1 3 4 1 4 1
2 3 3 3 4 4 4 1
2 2 3 5 5 4 1 1
2 6 3 6 7 4 7 1
2 6 6 6 7 7 7 1
2 2 6 8 8 7 2 1
2 2 2 2 2 2 2 1

# level222
9
1 1 1 1 2 2 2 2 3
4 1 1 2 2 5 5 3 3
4 4 1 6 6 5 3 3 4
4 6 6 6 6 3 3 4 4
4 6 4 4 4 4 4 4 7
4 4 4 8 8 4 9 7 7
4 4 8 8 4 4 9 9 7
4 8 8 4 4 4 4 9 9
8 8 4 4 4 4 4 4 9

# level223
7
1 1 2 2 2 1 3
1 1 1 1 2 1 3
1 1 1 1 1 1 3
1 1 1 1 1 4 3
1 1 5 1 1 4 4
6 6 5 1 1 7 4
6 6 5 5 7 7 7

# level224
9
1 2 2 2 2 2 2 2 2
1 1 3 3 3 3 3 2 2
1 3 3 4 3 3 3 3 2
1 4 4 4 3 5 5 3 2
1 3 3 3 3 5 3 3 2
1 6 3 7 3 3 3 2 2
8 6 6 3 3 3 2 2 2
8 6 8 8 3 9 9 2 2
8 8 8 8 8 9 9 9 9

# level225
8
1 1 1 2 2 3 3 3
1 4 2 2 2 2 5 3
1 4 4 4 5 5 5 3
1 1 4 6 6 5 7 3
3 1 4 6 6 5 7 3
3 1 8 8 8 8 7 3
3 1 1 7 7 7 7 3
3 3 3 3 3 3 3 3

# level226
9
1 1 1 1 1 1 2 2 2
1 1 1 1 3 1 1 1 2
1 1 1 1 3 4 4 4 2
1 3 3 3 3 4 2 2 2
1 1 5 6 6 4 2 2 2
1 1 5 6 6 4 2 2 2
1 5 5 7 6 4 2 8 2
1 9 7 7 8 8 8 8 2
9 9 7 7 2 2 2 2 2

# level227
9
1 1 1 1 1 1 2 2 2
1 1 1 2 2 2 2 2 2
3 4 4 2 2 5 5 5 2
3 3 4 2 6 6 6 5 2
3 7 4 6 6 5 5 5 2
7 7 4 6 8 8 8 5 2
7 4 4 4 8 5 5 5 2
7 9 9 9 9 9 9 2 2
9 9 9 9 9 9 2 2 2

# level228
9
1 1 1 1 2 2 2 2 2
1 1 3 4 2 2 2 2 2
1 3 3 4 4 4 2 5 5
1 1 3 4 2 2 2 5 5
1 1 1 2 2 2 2 2 5
1 6 1 1 7 8 2 2 5
6 6 6 7 7 8 8 8 5
9 6 9 5 7 8 5 5 5
9 9 9 5 5 5 5 5 5

# level229
9
1 1 2 2 2 3 3 3 3
1 4 4 4 2 3 2 5 3
1 1 1 4 2 2 2 5 3
6 7 7 4 4 4 8 5 3
6 7 9 9 9 4 8 5 3
6 7 9 8 4 4 8 5 3
6 7 9 8 8 8 8 5 3
5 7 5 5 5 5 5 5 3
5 5 5 3 3 3 3 3 3

# level230
8
1 1 1 1 1 1 1 2
3 3 3 3 3 3 2 2
2 2 2 2 2 2 2 2
2 2 4 4 4 4 4 2
2 2 5 2 2 6 2 2
2 2 5 2 2 2 2 2
7 2 5 2 2 2 2 2
7 2 5 8 8 8 2 2

# level231
8
1 1 1 1 1 1 1 1
1 1 2 2 2 2 1 1
1 1 2 2 2 2 1 3
4 1 2 2 2 2 1 3
4 1 1 5 5 1 1 3
4 4 6 6 6 6 3 3
4 4 6 6 6 6 7 7
4 4 4 8 8 7 7 7

# level232
10
1 1 1 1 1 1 1 1 1 1
1 1 1 1 1 1 1 2 2 1
1 3 3 3 3 1 1 1 2 1
4 4 1 1 3 5 1 1 2 1
4 1 1 1 1 5 1 6 6 1
4 1 1 1 1 5 1 6 1 1
7 1 1 1 1 5 5 6 1 1
7 7 7 8 1 1 1 1 1 1
9 9 9 8 8 8 10 10 10 1
9 9 9 9 9 9 9 9 10 1

# level233
9
1 1 1 2 2 2 2 2 2
3 3 1 4 4 2 2 2 2
1 3 1 1 4 4 2 2 2
1 1 1 1 4 4 4 2 2
5 6 6 1 4 4 4 4 2
5 5 5 5 4 4 4 7 2
5 8 5 5 4 4 9 7 7
8 8 5 4 4 9 9 7 7
8 5 5 5 5 5 9 9 7

# level234
9
1 1 1 1 1 1 1 1 1
2 1 2 2 2 2 2 1 2
2 2 2 3 2 4 2 2 2
2 5 3 3 6 4 4 5 2
2 5 5 6 6 6 5 5 2
2 2 5 5 5 5 5 2 2
7 7 7 5 8 5 9 9 9
7 5 5 5 8 5 5 5 9
7 5 8 8 8 5 5 5 9

# level235
10
1 1 1 1 1 1 1 2 2 3
1 4 1 4 5 1 2 2 3 3
1 4 4 4 1 1 6 2 2 3
1 6 4 6 6 6 6 6 6 3
1 6 6 6 6 6 3 6 6 3
1 6 6 6 6 3 3 3 3 3
6 6 6 6 6 6 3 7 3 3
6 8 8 3 3 6 7 7 7 3
9 9 8 8 3 10 7 3 7 3
9 8 8 3 3 3 3 3 3 3

# level236
9
1 1 2 2 2 2 3 3 3
4 1 1 2 2 2 2 2 3
4 4 1 2 2 5 3 3 3
4 4 6 6 7 5 5 3 3
4 6 6 8 7 7 5 5 3
4 6 9 8 8 7 7 3 3
4 4 9 9 8 8 4 4 4
4 4 4 9 9 4 4 4 4
4 4 4 4 4 4 4 4 4

# level237
8
1 2 2 2 2 2 2 3
1 1 1 2 4 3 3 3
5 1 2 2 4 3 2 2
2 2 2 2 4 2 2 2
2 2 2 2 2 2 6 2
7 2 2 2 2 8 6 2
7 2 2 2 2 8 8 2
7 7 7 2 2 2 8 8

# level238
9
1 1 1 1 1 1 2 2 2
1 3 3 4 4 4 4 5 2
1 4 4 4 4 4 4 5 2
6 4 4 4 4 4 4 4 2
6 4 4 4 4 4 4 4 2
6 4 4 4 4 4 4 4 7
6 8 4 4 4 4 4 4 7
6 8 4 4 4 4 9 9 7
6 6 6 6 7 7 7 7 7

# level239
9
1 1 1 1 1 1 1 1 1
1 1 1 1 2 1 1 1 1
1 1 3 3 4 4 1 1 1
1 3 3 5 5 4 4 1 1
3 3 5 5 6 7 4 4 1
3 5 5 5 6 7 4 4 4
8 5 5 5 6 7 7 7 7
8 8 8 6 6 6 9 9 7
8 6 6 6 6 6 6 9 9

# level240
8
1 2 2 2 2 2 2 2
1 2 3 3 3 3 1 2
1 2 4 5 5 3 1 2
1 1 4 5 5 6 1 1
1 1 4 5 5 6 1 1
1 7 4 7 8 6 8 1
1 7 7 7 8 8 8 1
1 1 1 1 1 1 1 1

# level241
8
1 1 1 2 3 3 3 3
1 1 4 2 2 2 2 3
1 4 4 5 5 5 2 3
3 3 5 5 6 2 2 3
3 3 5 6 6 7 7 3
3 3 5 3 7 7 8 3
3 3 3 3 7 8 8 3
3 3 3 3 3 3 3 3

# level242
10
1 1 1 2 2 2 3 3 3 3
1 1 1 1 2 2 2 2 4 3
1 1 5 5 5 5 5 4 4 4
6 1 5 5 5 5 5 5 4 7
6 6 5 5 5 5 5 5 7 7
6 6 5 5 5 5 5 5 7 7
8 6 5 5 5 5 5 5 9 7
8 8 5 5 5 5 5 5 9 7
8 8 8 10 10 9 9 9 9 10
8 8 8 10 10 10 10 10 10 10

# level243
10
1 2 2 2 2 3 3 3 3 3
1 4 4 4 2 3 5 5 3 3
1 6 6 4 2 3 3 5 5 3
1 1 6 6 2 3 3 5 3 3
7 7 7 6 2 3 3 5 8 3
2 2 7 2 2 3 3 5 8 3
2 2 7 2 2 3 3 9 8 8
2 2 2 2 2 3 3 9 9 8
2 2 2 2 2 3 10 10 9 9
2 2 2 2 2 3 3 10 10 10

# level244
8
1 1 1 1 1 1 1 1
1 2 2 2 1 1 3 3
1 2 2 2 4 4 3 3
1 2 2 2 4 4 1 1
1 1 1 5 6 6 1 1
7 7 1 1 6 6 1 1
7 7 1 1 1 1 1 1
1 1 1 8 8 8 8 1

# level245
11
1 1 1 1 1 2 2 2 3 3 3
1 1 1 1 1 2 4 2 3 5 3
1 1 6 6 6 2 4 2 5 5 3
1 1 1 1 6 2 4 2 5 3 3
1 1 6 6 6 2 2 2 3 3 3
1 1 6 7 7 7 8 9 8 3 3
1 1 6 6 6 7 8 9 8 3 3
1 1 1 7 7 7 8 8 8 3 1
1 10 1 7 11 11 11 11 8 3 1
10 10 1 7 7 7 11 11 8 3 1
10 1 1 1 1 1 1 1 1 1 1

# level246
11
1 2 2 2 3 4 4 4 3 5 5
1 1 1 2 3 4 6 4 3 7 5
8 2 2 2 3 4 6 4 3 7 5
8 2 3 3 3 4 6 4 3 7 5
8 2 2 2 3 4 4 4 3 7 7
8 8 3 3 3 3 3 3 3 3 7
8 3 3 9 9 9 3 10 10 10 11
8 8 3 3 3 9 3 10 11 11 11
8 3 3 9 9 9 3 10 10 10 11
8 8 3 9 3 3 3 3 3 10 11
8 8 3 9 9 9 3 10 10 10 11

# level247
8
1 2 2 2 2 2 2 2
1 3 3 3 3 3 3 2
1 3 4 4 4 4 3 2
1 5 6 4 4 4 3 2
1 5 6 7 4 4 8 2
1 5 6 7 7 4 8 2
1 5 5 5 8 8 8 2
1 1 1 1 1 2 2 2

# level248
9
1 1 1 2 2 2 2 2 2
3 1 4 2 5 2 6 2 5
3 4 4 2 5 2 6 2 5
3 3 4 2 5 6 6 6 5
3 3 3 2 5 5 5 5 5
3 7 3 2 2 2 2 2 2
7 7 3 3 3 3 8 8 8
7 9 9 9 8 3 8 8 8
9 9 9 8 8 8 8 8 8

# level249
10
1 1 1 2 2 2 2 2 2 2
1 3 3 3 3 4 4 4 5 2
1 3 3 4 4 4 4 5 5 6
7 3 3 4 4 8 8 5 8 6
7 3 4 4 4 8 8 8 8 6
7 9 9 4 8 8 10 10 10 6
7 9 4 4 8 10 10 10 10 6
7 9 4 8 8 10 10 10 10 6
7 9 8 8 8 8 10 10 10 6
7 7 6 6 6 6 6 6 6 6

# level250
11
1 1 1 1 2 2 2 2 2 2 2
1 3 3 3 2 4 4 4 4 5 2
1 1 1 3 6 6 6 4 4 5 5
1 3 3 3 6 4 4 4 4 5 5
1 3 7 7 6 6 6 8 8 8 5
1 3 3 3 9 9 6 8 10 8 5
1 1 1 1 6 6 6 8 10 8 5
1 1 11 1 1 1 1 8 10 8 5
1 1 11 11 11 1 1 8 8 8 11
1 1 1 11 11 11 11 11 11 11 11
1 1 1 1 1 1 1 1 11 11 11

# level251
7
1 2 2 2 3 3 3
1 1 4 2 3 3 3
1 1 4 4 3 3 3
1 1 5 5 5 3 3
1 1 1 6 6 3 3
1 1 1 6 6 3 3
1 1 1 7 7 7 3

# level252
8
1 1 1 1 1 1 1 1
1 1 1 2 2 3 3 1
1 1 2 2 2 2 3 1
1 2 2 4 4 2 2 1
2 2 4 4 4 5 2 2
2 6 6 4 4 5 5 2
7 6 6 4 4 8 5 5
7 7 6 4 4 8 8 8

# level253
8
1 2 2 2 2 3 3 3
1 2 4 4 4 4 5 3
1 2 4 5 5 5 5 6
1 1 4 4 4 4 6 6
7 7 4 8 8 8 8 6
7 7 4 8 7 7 7 7
7 7 4 4 4 4 7 7
7 7 7 7 7 7 7 7

# level254
9
1 1 1 1 1 1 1 1 1
1 1 2 2 2 2 2 1 1
1 1 2 3 3 3 2 1 1
1 1 2 2 3 2 2 4 4
1 5 5 2 2 2 6 6 4
5 5 7 7 2 6 6 4 4
8 5 5 7 9 6 4 4 4
8 5 5 7 9 6 4 4 4
8 8 8 4 4 4 4 4 4

# level255
8
1 1 1 2 2 3 3 3
1 4 5 5 2 2 4 3
1 4 4 5 5 4 4 3
1 4 4 4 5 4 4 6
1 4 4 4 4 4 4 6
1 4 7 7 7 7 4 6
8 7 7 7 7 7 7 6
8 8 8 8 6 6 6 6

# level256
9
1 1 1 1 1 2 2 2 1
1 3 3 1 1 2 2 4 1
1 3 3 3 1 1 4 4 1
1 5 6 1 1 1 4 4 1
5 5 6 6 1 1 1 1 1
5 5 6 6 1 7 8 8 8
1 9 9 9 1 7 7 8 8
1 9 9 1 1 7 7 1 1
1 1 1 1 1 1 1 1 1

# level257
10
1 1 1 1 1 2 2 3 3 3
1 1 1 1 1 2 1 1 1 3
1 1 4 1 1 2 1 1 1 1
1 4 4 4 1 1 1 1 1 5
1 1 6 6 6 1 1 7 1 5
8 8 8 6 8 8 8 7 5 5
8 8 8 8 8 8 8 7 7 8
8 8 8 8 8 9 8 8 8 8
8 8 8 10 9 9 8 8 8 8
8 8 10 10 10 9 8 8 8 8

# level258
7
1 1 1 1 2 2 2
1 3 1 1 2 2 2
1 1 1 4 4 2 5
1 1 4 4 5 5 5
1 6 4 4 5 7 5
6 6 6 4 5 5 5
6 6 6 4 4 5 5

# level259
8
1 1 2 3 3 2 2 4
1 1 2 2 3 2 4 4
2 2 2 2 3 2 4 2
2 5 2 2 2 2 2 2
5 5 5 2 2 6 6 2
2 2 2 2 6 6 2 2
7 2 2 2 2 2 2 2
7 7 7 2 8 8 8 8

# level260
9
1 1 1 1 2 2 3 3 3
1 1 1 1 2 4 4 3 3
1 1 1 1 2 4 5 3 3
1 1 1 1 2 4 5 5 3
1 1 1 1 1 1 1 1 1
6 7 7 7 8 1 1 1 1
6 7 7 8 8 1 1 1 1
6 6 6 9 8 1 1 1 1
6 9 9 9 8 1 1 1 1

# level261
8
1 1 2 3 3 2 2 2
1 2 2 3 2 2 4 4
2 2 2 2 2 2 2 4
5 5 2 6 6 2 2 2
5 2 2 2 6 2 2 2
5 2 2 2 2 2 2 2
5 2 7 7 2 8 8 2
5 2 2 7 2 2 8 2

# level262
9
1 2 2 2 2 2 2 2 2
1 3 3 4 4 4 4 4 2
1 3 5 5 5 5 6 4 2
1 7 5 5 5 5 6 4 2
1 7 7 5 5 5 6 6 2
1 8 7 7 5 5 6 9 2
1 8 7 7 6 6 6 9 2
1 8 8 7 7 7 9 9 2
1 1 1 1 1 1 1 1 1

# level263
10
1 1 1 1 1 1 1 1 1 1
2 1 1 1 3 4 1 1 1 2
2 2 3 3 3 4 1 1 2 2
2 2 2 2 4 4 2 2 2 2
2 2 2 2 2 2 2 5 5 2
2 2 2 2 6 6 2 2 2 2
7 7 2 2 8 6 2 2 9 9
7 7 7 8 8 6 6 6 6 9
7 8 8 8 10 10 6 6 9 9
7 7 8 10 10 10 6 9 9 9

# level264
10
1 1 1 2 2 3 3 3 3 4
3 1 1 2 3 3 3 3 5 4
3 3 1 3 3 3 3 5 5 5
3 3 3 3 6 6 3 3 5 5
3 3 3 6 6 6 6 3 3 5
7 3 3 6 6 6 6 3 3 3
7 7 3 3 6 6 3 3 3 3
7 7 7 3 3 3 3 8 3 3
9 9 3 3 3 3 8 8 8 3
9 3 3 3 3 10 8 8 8 8

# level265
7
1 2 2 2 2 2 3
1 1 2 2 2 3 3
1 1 2 2 2 3 3
1 1 4 4 4 3 5
1 1 1 4 6 6 5
1 1 7 7 7 6 6
1 1 1 7 6 6 6

# level266
8
1 1 1 2 3 4 4 4
5 1 2 2 3 3 3 4
5 5 5 2 3 3 3 4
5 5 2 2 3 3 3 3
3 3 3 3 3 3 3 3
6 3 3 3 3 7 7 8
6 3 3 3 3 7 8 8
6 6 6 3 3 7 7 8

# level267
9
1 1 1 2 3 3 3 4 4
5 1 2 2 3 3 4 4 4
5 2 2 6 6 6 6 5 4
5 5 2 2 5 5 5 5 4
5 5 5 2 5 7 5 5 4
5 5 5 5 5 7 7 5 5
5 5 5 8 8 8 7 7 5
5 5 9 9 9 7 7 5 5
5 9 9 9 9 7 5 5 5

# level268
9
1 1 1 1 1 2 2 2 2
1 1 3 2 2 2 3 4 2
1 5 3 2 2 2 3 4 4
5 5 3 3 2 3 3 4 4
5 6 3 3 3 3 3 4 4
6 6 7 7 3 8 8 8 8
6 7 7 7 3 8 8 8 8
6 9 9 3 3 3 8 8 8
9 9 3 3 3 3 3 8 8

# level269
8
1 1 1 2 2 2 2 2
1 2 2 2 3 3 3 2
1 1 2 2 3 3 2 2
1 4 4 5 5 6 6 2
1 4 4 5 5 6 6 2
7 4 8 8 5 6 2 2
7 7 8 8 2 2 2 2
7 7 8 2 2 2 2 2

# level270
10
1 2 3 3 3 3 3 3 4 4
2 2 2 3 3 3 5 3 4 4
3 2 3 3 3 3 5 3 4 4
3 3 3 3 5 5 5 5 5 6
3 3 3 3 3 3 5 6 6 6
3 3 3 3 7 7 5 7 7 6
3 8 3 3 7 7 7 7 9 6
8 8 8 7 7 7 7 9 9 9
10 8 10 10 7 7 7 7 9 7
10 10 10 7 7 7 7 7 7 7

# level271
10
1 1 1 1 2 2 3 3 3 3
1 4 4 2 2 5 5 4 4 3
1 1 4 4 2 5 4 4 3 3
6 1 6 4 7 5 4 3 3 3
6 6 6 4 7 5 4 3 8 3
6 6 9 4 4 4 4 3 8 3
6 6 9 4 4 4 4 3 8 8
10 6 9 4 4 4 4 9 9 8
10 6 9 9 4 4 9 9 8 8
10 10 9 9 9 9 9 9 9 8

# level272
7
1 1 2 2 2 3 4
1 1 2 2 2 4 4
1 1 1 5 4 4 4
1 5 5 5 5 5 4
1 1 6 6 6 4 4
1 1 6 7 6 4 4
1 1 6 7 6 4 4

# level273
8
1 1 1 1 1 1 1 1
1 2 2 3 1 1 1 1
2 2 3 3 4 5 5 1
6 6 3 4 4 5 1 1
6 6 6 6 4 7 7 1
6 6 6 6 6 6 7 8
6 6 6 6 6 6 8 8
6 6 6 6 6 6 6 8

# level274
8
1 1 1 1 1 1 1 1
1 1 2 2 3 3 3 1
4 4 4 2 3 5 1 1
4 6 4 2 2 5 1 1
4 4 4 7 7 5 1 1
4 8 8 8 7 5 5 5
8 8 8 8 7 7 8 8
8 8 8 8 8 8 8 8

# level275
9
1 1 1 1 1 1 1 1 1
2 1 1 1 1 1 1 1 1
2 1 1 1 1 1 3 1 1
2 4 4 4 4 1 3 3 3
2 2 5 4 4 1 6 6 6
7 2 5 4 4 1 6 8 8
7 2 5 9 4 1 6 6 8
7 2 5 9 4 1 6 8 8
7 7 5 9 9 9 6 6 6

# level276
9
1 1 1 1 1 1 1 1 1
2 2 1 1 1 1 3 3 1
4 2 1 1 1 1 1 3 1
4 2 5 6 6 6 7 3 1
4 2 5 5 5 7 7 3 1
4 2 5 8 8 8 7 3 1
4 2 9 9 7 7 7 3 1
2 2 2 9 7 9 3 3 3
9 9 9 9 9 9 9 9 9

# level277
10
1 2 3 3 3 4 4 4 4 4
1 2 2 3 3 4 4 4 5 5
1 2 2 3 3 6 4 4 4 5
1 1 2 3 3 6 4 4 4 5
2 1 2 3 3 6 6 4 4 5
2 2 2 3 3 7 6 4 4 5
2 2 2 2 3 7 7 5 5 5
8 3 3 3 3 9 9 5 5 5
8 3 10 3 3 9 9 5 5 9
8 8 10 10 3 9 9 9 9 9

# level278
9
1 1 1 1 1 1 1 1 1
1 1 1 2 2 2 1 1 1
3 3 1 2 2 2 1 1 1
3 4 4 2 2 2 5 1 5
3 3 4 4 2 5 5 5 5
6 3 6 4 2 5 7 8 5
6 6 6 6 2 9 7 8 8
6 6 6 6 2 9 7 7 8
6 6 6 6 2 9 9 7 8

# level279
8
1 1 1 1 1 2 2 3
1 1 1 4 1 2 2 3
1 1 5 5 5 5 3 3
1 1 5 6 6 5 3 3
1 1 5 6 6 5 7 3
1 1 5 5 5 5 3 3
1 8 8 3 3 3 3 3
1 8 8 3 3 3 3 3

# level280
8
1 2 2 2 2 2 3 3
2 2 2 4 4 4 3 3
2 2 4 4 4 4 4 4
2 4 4 4 5 5 5 4
6 6 6 6 7 7 5 4
6 6 6 6 7 8 8 8
6 6 6 6 7 8 8 8
6 6 6 6 7 8 8 8

# level281
8
1 1 1 1 2 2 2 2
1 3 3 3 4 2 4 2
1 1 3 4 4 4 4 4
1 1 3 4 5 4 5 4
1 3 3 3 5 4 5 6
1 7 7 7 5 8 5 6
1 7 1 7 5 5 5 6
1 1 1 7 7 6 6 6

# level282
9
1 2 2 2 2 2 2 2 2
1 1 1 2 2 2 2 2 2
1 2 2 2 2 3 2 2 2
4 4 4 2 3 3 3 5 5
4 2 2 2 2 2 3 5 5
4 2 2 2 2 2 2 6 5
7 7 2 2 8 2 2 6 6
7 2 2 8 8 9 2 2 6
7 7 8 8 9 9 9 9 6

# level283
8
1 1 1 2 2 2 2 2
1 3 3 3 3 2 2 2
1 4 4 4 3 2 2 2
1 4 1 3 3 3 2 2
1 1 1 1 3 5 5 5
1 6 1 1 3 7 5 7
6 6 1 1 3 7 7 7
6 6 6 6 6 7 8 7

# level284
10
1 2 2 2 2 2 3 3 3 3
1 1 2 2 2 2 3 4 3 3
1 1 2 2 2 2 3 4 3 3
1 1 5 5 5 4 4 4 3 3
1 1 6 6 6 6 7 4 3 3
1 1 8 7 7 7 7 4 3 3
1 1 8 8 8 8 8 4 3 3
9 9 9 9 10 10 9 9 9 3
9 9 10 10 10 9 9 9 3 3
9 9 9 9 9 9 9 9 9 9

# level285
9
1 1 2 2 3 4 4 4 4
1 1 2 3 3 3 5 5 4
1 1 6 6 3 6 6 5 4
1 6 6 6 6 6 6 6 4
1 6 6 6 6 6 6 6 4
1 1 6 6 6 6 6 4 4
1 1 7 6 6 6 4 4 8
1 7 7 7 6 9 4 4 8
1 1 1 7 9 9 8 8 8

# level286
7
1 1 1 1 2 2 2
1 3 3 1 1 1 2
1 1 1 1 2 2 2
4 5 5 5 5 2 6
4 4 4 4 6 6 6
4 4 7 4 4 6 6
4 4 4 4 6 6 6

# level287
8
1 1 1 2 2 3 4 4
1 1 5 2 3 3 3 4
1 1 5 5 3 3 3 4
1 1 6 5 7 3 4 4
1 6 6 6 7 7 4 4
1 1 6 8 8 4 4 4
1 1 1 8 8 8 4 4
1 1 1 8 8 4 4 4

# level288
9
1 1 1 1 1 1 1 1 2
1 3 3 3 3 3 4 4 2
1 5 3 6 6 6 6 4 2
1 5 5 6 7 6 6 8 2
1 5 2 2 7 7 6 8 2
1 5 2 2 2 9 6 8 2
2 2 2 2 2 9 8 8 2
2 2 2 9 9 9 9 8 2
2 2 2 2 2 2 2 2 2

# level289
9
1 1 1 1 1 1 2 2 3
1 1 4 1 1 1 5 2 3
1 4 4 4 1 5 5 5 3
1 1 4 6 6 6 5 3 3
1 1 1 6 6 6 3 3 1
1 1 7 6 6 6 8 1 1
1 7 7 7 9 8 8 8 1
1 1 7 1 9 9 8 1 1
1 1 1 1 1 1 1 1 1

# level290
9
1 1 1 1 1 1 1 1 1
1 2 2 2 2 3 3 1 4
1 2 2 5 2 5 3 1 4
1 2 5 5 5 5 5 4 4
2 2 5 5 5 5 5 4 4
6 6 7 5 5 5 8 9 4
6 6 7 7 5 8 8 9 4
9 6 6 9 9 9 9 9 4
9 9 9 9 4 4 4 4 4

# level291
9
1 1 1 2 3 3 3 4 4
1 1 1 2 2 2 3 3 4
1 5 5 2 6 7 7 7 4
1 1 5 6 6 7 4 4 4
1 1 5 6 8 7 7 7 9
1 1 5 6 8 8 8 7 9
1 5 5 5 8 7 7 7 9
1 1 9 9 9 9 9 9 9
1 1 1 9 9 9 9 9 9

# level292
11
1 2 2 2 1 3 3 3 4 4 4
1 1 2 1 1 3 3 3 3 5 4
6 1 1 1 3 3 5 5 5 5 4
6 6 1 3 3 5 5 5 5 5 4
6 1 1 1 3 5 5 7 7 7 4
1 1 8 1 1 5 7 7 7 7 7
1 8 8 8 1 5 7 7 9 7 7
10 10 10 10 5 5 7 9 9 9 7
10 10 10 5 5 5 7 7 9 7 7
10 10 10 5 5 5 7 7 7 7 7
10 10 10 5 5 5 5 7 7 7 11

# level293
7
1 1 1 1 1 1 2
1 3 1 1 1 2 2
3 3 3 1 1 2 2
4 5 5 5 5 5 2
6 6 6 7 5 2 2
7 6 7 7 7 2 2
7 7 7 7 7 7 2

# level294
9
1 1 1 2 2 2 2 2 3
2 2 2 2 2 2 2 2 3
2 4 4 4 2 2 2 5 3
2 2 2 2 2 2 2 5 2
2 6 2 2 2 2 2 5 2
2 6 2 2 2 2 2 2 2
7 6 2 2 2 8 8 8 2
7 2 2 2 2 2 2 2 2
7 2 2 2 2 2 9 9 9

# level295
8
1 1 1 2 2 2 3 3
4 4 1 5 5 2 3 3
4 1 1 1 2 2 2 3
4 4 1 3 3 2 3 3
6 6 6 3 3 3 3 3
7 7 6 3 3 3 8 3
7 6 6 6 3 8 8 3
7 7 6 3 3 3 8 3

# level296
9
1 1 1 1 1 1 2 2 2
1 3 3 3 3 3 3 3 4
1 3 5 6 6 6 4 4 4
1 3 5 5 5 6 4 4 4
1 3 3 3 3 3 3 3 7
1 8 8 8 8 8 8 3 7
1 8 8 8 8 9 9 3 7
1 3 3 3 3 3 3 3 7
1 1 1 1 7 7 7 7 7

# level297
9
2 2 2 2 2 2 2 1 1
2 2 3 2 2 9 2 2 1
2 2 3 3 9 9 9 2 1
2 3 3 5 9 7 2 2 1
2 2 5 5 7 7 7 1 1
2 5 5 6 8 8 7 1 1
2 6 6 6 4 8 8 1 1
2 4 6 4 4 8 4 4 1
2 4 4 4 4 4 4 1 1

# level298
10
1 2 3 3 3 3 4 5 5 5
1 2 2 2 3 4 4 4 5 5
1 2 6 7 7 4 5 5 5 5
1 1 6 7 7 7 7 7 5 5
8 1 6 7 9 9 9 9 9 9
8 8 6 7 6 9 6 9 6 9
8 6 6 6 6 6 6 6 6 9
8 6 6 6 6 6 6 6 6 10
8 8 6 6 6 6 6 6 10 10
8 8 8 8 8 8 8 10 10 10

# level299
10
1 1 1 2 2 2 2 3 3 3
1 4 2 2 5 4 2 4 6 3
1 4 4 5 5 4 4 4 6 3
1 4 4 4 5 7 4 4 6 6
1 4 1 4 4 7 7 4 4 4
1 1 1 4 4 4 7 7 4 4
1 1 4 4 8 4 4 7 7 4
1 4 4 4 8 8 4 4 4 4
1 4 1 4 9 8 8 4 10 4
1 1 1 9 9 9 10 10 10 4

# level300
7
1 1 1 1 1 2 2
1 3 1 1 1 4 2
3 3 3 1 4 4 4
1 1 1 1 1 1 1
5 5 5 6 5 5 5
7 5 5 5 5 5 7
7 7 7 7 7 7 7

# level301
8
1 1 1 1 1 2 2 2
1 1 3 3 3 3 2 2
4 3 3 3 5 3 3 2
4 3 6 3 3 3 3 2
4 3 3 3 3 3 3 2
4 4 3 3 3 3 2 2
4 4 7 3 3 8 2 2
4 7 7 3 3 8 8 8

# level302
8
1 1 1 1 1 1 1 1
1 1 1 1 2 3 1 1
4 1 1 2 2 3 3 1
4 4 1 2 1 1 3 1
5 4 1 6 6 1 1 1
5 7 1 1 6 6 1 1
5 7 7 1 8 8 1 1
5 5 7 8 8 1 1 1

# level303
8
1 1 2 2 2 3 3 3
4 1 1 2 5 5 5 3
4 1 2 2 2 2 5 2
4 6 6 2 2 2 2 2
4 4 6 6 2 2 2 2
4 4 6 4 2 2 7 2
4 4 4 4 4 7 7 8
4 4 4 4 4 4 8 8

# level304
8
1 1 2 2 2 2 2 2
1 3 3 3 4 5 5 2
1 3 6 6 4 4 5 2
1 1 1 6 6 4 4 2
7 1 1 1 6 6 2 2
7 8 1 1 1 6 2 2
7 8 8 1 1 2 2 1
7 7 7 7 1 1 1 1

# level305
9
1 2 2 3 3 3 2 2 2
1 2 2 3 4 3 2 2 2
1 1 2 2 4 4 2 2 2
1 1 1 2 2 4 2 2 5
1 1 6 2 2 4 2 2 5
1 1 6 2 2 2 2 5 5
1 6 6 2 2 2 7 5 7
8 6 8 2 2 9 7 7 7
8 8 8 2 2 9 9 9 9

# level306
10
1 1 1 1 2 2 3 4 4 4
1 1 1 1 2 2 3 3 5 4
1 6 6 7 7 7 7 3 5 4
1 6 6 7 7 7 7 3 5 5
6 6 8 7 7 7 7 3 3 5
8 8 8 8 7 7 9 9 3 9
8 8 8 8 7 7 9 9 9 9
8 10 8 10 7 7 10 9 10 9
8 10 10 10 7 7 10 10 10 9
8 8 10 10 10 10 10 10 9 9

# level307
7
1 1 1 1 1 1 1
2 2 2 2 3 1 1
2 4 4 5 3 1 1
2 2 5 5 5 1 1
2 2 6 5 7 7 1
2 2 6 2 2 2 1
2 2 2 2 2 2 1

# level308
9
1 1 1 2 2 3 4 4 4
1 2 2 2 5 3 3 3 4
1 2 6 5 5 3 6 3 4
1 6 6 6 5 6 6 6 4
1 6 7 6 6 6 8 6 4
1 6 7 6 9 6 8 6 4
1 6 6 6 9 6 6 6 4
1 1 6 1 1 1 6 4 4
1 1 1 1 1 1 1 1 1

# level309
8
1 1 2 2 2 2 3 4
1 1 1 2 2 4 3 4
1 1 5 5 4 4 4 4
1 6 5 4 4 7 7 7
1 6 6 8 8 7 7 7
1 6 8 8 8 8 7 7
1 8 8 8 8 8 8 7
8 8 8 8 8 8 8 8

# level310
9
1 2 2 2 2 2 2 3 4
1 2 2 2 2 2 2 3 4
1 2 2 5 2 2 2 3 4
1 1 2 5 2 2 2 3 4
6 6 2 5 2 2 3 3 4
6 2 2 5 2 2 2 4 4
6 2 2 5 2 2 2 7 7
6 2 8 5 5 9 9 9 7
6 2 8 8 8 8 8 9 7

# level311
8
1 1 2 2 2 2 2 2
1 3 4 4 4 5 5 2
1 3 4 6 6 6 5 2
1 3 4 6 4 4 5 7
1 3 4 6 6 4 5 7
8 3 4 4 4 4 5 7
8 3 3 5 5 5 5 7
8 8 7 7 7 7 7 7

# level312
9
1 1 1 1 2 2 2 3 3
1 4 1 5 5 5 2 2 3
1 4 5 5 6 5 5 2 3
1 4 5 5 6 5 5 2 3
4 4 4 5 5 5 7 7 3
4 4 8 8 5 9 9 7 7
4 4 8 5 5 5 9 9 7
4 4 8 8 5 8 8 8 7
4 8 8 8 8 8 8 8 7

# level313
11
1 1 1 2 2 2 2 3 3 3 2
2 1 4 4 4 2 2 2 3 2 2
2 1 5 4 6 6 6 2 3 2 2
2 2 5 4 2 6 7 2 2 2 2
2 5 5 5 2 6 7 7 7 8 2
2 2 2 2 2 2 7 8 8 8 2
2 2 2 2 2 2 2 2 2 8 2
2 2 2 2 9 2 9 2 2 2 2
2 2 2 10 9 9 9 2 2 11 2
2 2 2 10 9 2 9 2 2 11 2
2 2 10 10 10 2 2 2 11 11 11

# level314
7
1 1 1 1 1 1 2
1 3 4 4 4 1 2
1 3 4 5 5 5 2
1 3 3 3 5 5 6
1 7 7 5 5 6 6
1 7 7 7 7 1 6
1 1 1 1 1 1 6

# level315
9
1 1 1 1 2 3 3 4 5
1 1 1 2 2 2 4 4 5
1 1 2 2 2 2 2 4 5
1 2 2 6 2 7 2 2 5
1 2 6 6 2 7 7 2 5
1 2 2 2 2 2 2 2 5
1 2 2 8 8 8 2 2 5
1 2 2 9 8 8 2 2 5
1 2 2 9 8 8 2 2 5

# level316
8
1 1 1 1 1 1 1 1
1 2 1 1 1 1 1 1
1 2 3 3 3 4 4 1
2 2 5 5 5 5 4 1
2 6 5 7 7 5 4 4
2 6 5 7 7 5 8 4
2 6 5 7 7 5 8 4
6 6 5 5 5 5 8 8

# level317
9
1 2 2 2 2 2 2 2 3
1 1 1 1 2 4 4 4 3
1 1 1 2 2 2 4 3 3
1 1 2 2 2 2 2 3 5
1 2 2 2 2 2 2 2 5
6 2 2 7 7 7 2 2 5
6 2 8 8 7 9 9 2 5
6 6 6 8 7 9 5 5 5
6 5 5 5 5 5 5 5 5

# level318
9
1 1 1 1 1 1 1 1 1
1 1 2 2 1 1 1 1 1
3 3 3 2 4 4 5 1 5
6 6 3 2 2 4 5 1 5
6 3 3 2 2 4 5 5 5
6 6 3 2 2 4 7 7 5
3 3 3 8 4 4 4 7 5
7 7 7 7 7 7 7 7 7
7 7 7 7 7 7 7 7 9

# level319
9
1 1 1 1 1 1 1 2 2
1 3 3 3 3 3 3 3 2
1 3 4 4 4 4 4 3 2
1 3 3 4 5 4 3 3 2
1 1 3 4 5 4 3 2 2
6 1 3 4 5 4 3 7 7
6 6 3 4 5 4 3 8 7
6 9 3 3 3 3 3 8 7
6 9 9 9 9 9 8 8 8

# level320
8
1 1 1 1 1 1 2 2
1 1 1 3 4 2 2 2
1 1 3 3 4 4 2 2
1 5 5 5 4 4 4 2
1 6 6 6 7 7 7 2
1 8 6 6 7 7 8 2
8 8 8 6 7 8 8 2
8 8 8 8 8 8 2 2

# level321
8
1 2 2 2 2 2 2 2
1 1 2 3 3 4 2 2
2 1 3 3 2 4 4 2
2 2 2 2 2 2 5 2
2 6 7 7 2 5 5 2
2 6 2 7 2 8 2 2
2 6 2 8 8 8 2 2
2 2 2 2 2 2 2 2

# level322
9
1 1 2 2 3 3 3 3 3
1 1 1 2 3 4 3 3 3
5 1 1 2 2 4 6 6 3
5 5 1 1 1 4 6 6 3
5 7 7 1 1 1 6 1 1
5 5 7 1 8 1 1 1 1
5 5 7 7 8 9 9 1 1
5 5 5 5 8 9 9 1 1
5 5 5 5 5 9 1 1 1

# level323
7
1 1 1 1 1 1 1
2 2 3 4 5 1 1
2 3 3 4 5 5 1
2 4 4 4 4 4 1
2 6 6 4 1 1 1
7 7 6 4 1 7 7
7 7 7 7 7 7 7

# level324
9
1 1 1 1 1 1 1 1 1
1 2 2 1 1 1 1 1 1
3 4 4 3 1 3 5 5 3
3 4 3 3 3 3 3 5 3
3 3 3 6 7 8 3 3 3
9 6 6 6 7 8 8 8 9
9 6 6 6 7 8 8 9 9
9 6 6 9 7 9 8 8 9
9 9 9 9 9 9 9 9 9

# level325
9
1 1 1 1 1 1 1 1 1
1 2 2 1 1 1 1 1 1
2 2 3 3 1 3 3 1 1
2 2 3 3 3 3 3 1 4
2 5 5 3 6 3 4 4 4
2 5 3 3 3 3 3 4 7
5 5 3 3 8 3 3 7 7
5 9 9 9 8 7 7 7 7
9 9 9 8 8 8 7 7 7

# level326
9
1 1 2 2 2 2 2 3 3
1 1 2 4 4 4 2 3 3
1 5 5 5 4 6 6 6 3
1 1 5 7 4 4 6 8 3
1 1 5 7 7 7 6 8 8
1 1 5 9 9 7 6 8 1
1 5 5 5 9 6 6 6 1
1 1 1 1 9 1 1 1 1
1 1 1 1 1 1 1 1 1

# level327
10
1 1 2 2 3 3 2 2 2 4
1 1 2 3 3 2 2 2 4 4
2 2 2 2 2 2 2 2 2 4
2 2 2 5 5 2 2 2 2 2
2 6 2 2 5 2 2 7 2 2
6 6 6 2 5 2 7 7 2 2
2 2 2 2 2 2 7 2 2 2
8 2 2 2 9 2 2 2 2 10
8 8 2 9 9 9 2 10 10 10
8 2 2 2 2 2 2 2 2 2

# level328
8
1 1 1 1 1 1 1 1
1 2 1 2 1 1 1 3
4 2 1 2 1 2 1 3
4 2 2 2 2 2 2 3
4 5 2 2 2 2 2 3
4 5 5 2 2 2 6 3
4 5 5 7 7 8 6 3
4 5 5 7 7 8 6 3

# level329
7
1 1 2 2 2 2 3
1 1 1 2 3 3 3
4 1 5 2 3 3 3
4 4 4 6 6 3 3
4 7 7 6 6 6 3
4 7 7 7 6 3 3
4 4 7 3 3 3 3

# level330
8
1 1 1 1 1 2 2 2
1 1 3 3 3 3 2 2
1 3 3 4 4 3 3 2
1 3 4 4 4 4 3 2
5 3 4 4 4 4 3 2
5 3 3 4 4 3 3 6
7 7 3 3 3 3 6 6
7 8 8 8 6 6 6 6

# level331
8
1 1 1 1 1 2 2 3
1 1 1 4 2 2 3 3
1 1 4 4 2 3 3 3
1 5 5 5 5 3 6 3
1 5 5 5 5 6 6 7
1 5 5 5 5 1 6 7
1 1 8 8 1 1 7 7
1 1 1 1 1 1 1 7

# level332
8
1 1 1 1 1 1 1 1
1 2 1 1 1 1 2 1
1 2 3 3 4 4 2 5
1 2 2 3 4 2 2 5
1 2 2 2 2 2 2 5
1 6 6 6 6 6 6 5
1 1 7 6 6 8 5 5
1 1 7 7 8 8 5 5

# level333
8
1 1 1 2 2 2 2 3
1 1 1 2 4 4 4 3
1 2 1 2 4 4 4 3
2 2 2 2 5 5 4 3
2 6 6 7 3 3 3 3
2 6 6 7 3 8 8 3
2 6 6 6 3 8 8 3
3 3 3 3 3 3 3 3

# level334
8
1 1 1 1 1 1 1 2
1 3 4 1 1 1 1 2
1 3 4 4 1 1 1 2
1 1 1 1 1 1 1 2
1 1 5 5 5 6 6 2
1 1 5 5 5 6 6 6
1 1 7 7 5 8 8 8
7 7 7 7 5 5 8 8

# level335
7
1 1 2 2 2 2 3
1 1 1 4 1 1 3
1 1 1 4 1 1 3
1 5 5 4 1 1 3
1 1 1 1 1 1 3
1 6 1 1 1 1 1
1 7 7 7 7 7 7

# level336
9
1 1 1 1 1 2 1 1 1
1 1 1 1 1 1 1 3 1
1 1 4 1 1 1 1 1 1
5 1 1 1 6 1 1 1 1
1 1 1 1 1 1 7 1 1
1 1 1 1 1 1 1 1 6
1 1 1 1 1 2 1 1 1
1 1 1 8 1 1 1 1 1
1 9 1 1 1 1 1 1 1

# level337
8
1 2 2 2 2 3 3 3
1 1 2 2 4 4 4 3
1 1 5 5 5 6 4 3
1 1 5 6 6 6 4 3
1 1 7 7 7 8 4 3
1 1 7 8 8 8 4 1
1 1 1 1 4 4 4 1
1 1 1 1 1 1 1 1

# level338
7
1 1 1 1 2 2 3
1 1 1 2 2 3 3
1 1 2 2 3 3 3
1 4 5 5 5 6 3
1 4 4 5 6 6 3
1 1 4 7 6 3 3
1 1 7 7 7 3 3

# level339
9
1 2 3 3 3 4 4 4 4
1 2 3 3 3 3 4 4 4
1 2 3 2 3 3 3 3 4
1 2 2 2 2 3 4 4 4
1 5 5 2 6 7 4 4 4
1 1 5 5 5 7 4 4 4
8 8 5 5 5 7 4 7 4
8 8 5 5 5 7 7 7 7
8 8 8 8 8 8 8 7 9

# level340
8
1 1 1 2 2 3 3 3
2 1 2 2 2 2 3 2
2 1 2 2 4 2 3 2
2 2 2 4 4 2 2 2
2 2 4 4 5 5 2 2
2 2 6 5 5 7 2 2
2 6 6 8 5 7 7 2
6 6 8 8 8 8 7 7

# level341
9
1 1 1 1 2 2 1 1 1
1 3 1 2 2 2 1 3 1
1 3 1 2 2 1 1 3 1
4 3 1 1 1 1 1 3 5
4 3 3 3 3 3 3 3 5
4 6 6 7 3 5 5 5 5
4 4 6 7 3 5 5 8 8
9 9 7 7 3 5 8 8 8
9 9 9 7 3 5 8 8 8

# level342
8
1 1 1 1 1 1 1 1
1 2 2 2 3 1 3 4
1 2 5 2 3 1 3 4
1 2 5 2 3 3 3 4
1 6 5 5 7 8 4 4
1 6 5 5 7 8 4 4
1 6 6 6 7 7 7 4
1 4 4 4 4 4 4 4

# level343
8
1 1 2 2 2 3 3 3
4 1 2 2 3 3 5 3
4 1 1 2 2 5 5 5
4 4 6 6 2 7 5 7
4 4 4 6 2 7 7 7
4 4 4 6 6 8 8 7
4 4 4 4 4 4 8 7
4 4 4 4 4 4 8 8

# level344
8
1 1 1 1 1 1 1 2
1 3 4 1 5 5 5 2
1 1 4 1 5 2 5 2
4 4 4 1 6 2 5 2
4 1 1 1 6 2 7 2
8 1 1 1 6 2 7 2
8 8 8 6 6 2 7 2
2 2 2 2 2 2 2 2

# level345
7
1 1 1 1 1 1 2
1 1 3 3 3 2 2
4 1 5 3 6 2 7
4 1 5 3 6 2 7
4 1 5 3 2 2 7
4 1 3 3 3 2 7
1 1 1 2 2 2 2

# level346
7
1 1 1 2 2 3 3
1 4 1 5 2 6 3
4 4 1 5 6 6 3
7 4 1 1 1 6 3
7 4 1 1 1 6 3
4 4 4 1 6 6 6
1 1 1 1 1 1 1

# level347
8
1 1 1 1 1 1 1 2
1 3 3 4 5 5 1 2
1 3 4 4 4 5 2 2
1 3 3 4 5 5 2 2
1 6 6 7 7 2 2 2
1 6 7 7 8 8 2 2
1 6 6 7 8 8 8 2
1 1 8 8 8 8 2 2

# level348
10
1 2 2 2 2 2 2 2 2 3
1 4 2 2 2 2 5 5 6 3
1 4 2 2 2 2 2 2 6 3
1 4 2 2 7 7 7 7 6 3
1 4 2 2 2 2 2 2 2 3
1 4 2 2 2 2 2 2 2 3
1 2 8 8 8 8 8 8 2 3
1 2 2 2 9 2 2 2 2 2
2 2 2 2 2 2 2 2 2 2
10 10 10 10 10 10 10 10 10 2

# level349
8
1 1 1 1 1 1 1 1
1 2 2 2 2 2 2 1
3 2 2 2 2 2 2 1
3 3 2 2 2 2 4 1
3 5 2 2 2 2 4 4
3 5 5 2 2 6 6 4
3 5 7 7 7 7 6 6
5 5 5 8 8 8 8 6

# level350
8
1 1 2 2 2 2 2 2
1 1 3 3 3 3 3 2
1 1 4 4 4 5 2 2
1 1 6 6 5 5 5 5
1 1 1 1 7 7 5 5
1 1 1 7 7 7 8 5
1 7 7 7 7 7 8 5
1 1 8 8 8 8 8 8

# level351
8
1 1 1 1 2 2 2 2
1 3 3 1 2 4 4 2
1 1 3 3 4 4 5 2
1 1 1 6 4 5 5 2
1 1 7 7 7 7 5 2
1 1 7 8 8 7 5 2
5 5 7 7 7 7 5 2
5 5 5 5 5 5 5 2

# level352
9
1 1 1 1 2 2 3 3 3
1 4 1 1 2 2 5 3 3
1 4 4 4 5 5 5 3 3
1 1 1 1 6 3 3 3 3
1 7 7 1 6 3 3 3 3
1 1 7 7 6 3 8 8 3
1 1 1 1 6 8 8 3 3
1 1 1 9 9 9 3 3 3
1 1 1 1 9 3 3 3 3

# level353
7
1 1 1 1 1 1 2
1 3 4 5 5 5 2
1 3 4 4 4 5 2
1 3 3 6 4 5 2
1 7 3 6 6 6 2
1 7 7 7 7 6 2
1 2 2 2 2 2 2

# level354
10
1 1 1 1 1 1 1 1 1 1
2 3 3 3 3 3 4 4 4 1
2 3 5 5 6 6 4 4 4 1
2 3 5 5 6 6 4 4 4 1
2 3 5 7 7 6 4 4 4 1
2 3 8 7 7 7 9 9 3 1
2 3 8 8 10 10 9 9 3 1
2 3 8 8 10 10 10 9 3 1
2 3 3 3 3 3 3 3 3 1
2 2 2 2 2 2 2 2 2 2

# level355
9
1 1 1 1 1 1 2 2 2
3 1 1 4 1 1 1 2 2
3 1 5 4 1 1 1 1 2
3 1 5 4 6 7 1 2 2
3 1 5 6 6 7 8 2 2
3 3 5 6 6 7 8 2 2
9 9 5 6 6 7 8 2 2
9 9 9 6 6 7 2 2 2
9 2 2 2 2 2 2 2 2

# level356
7
1 1 1 1 1 1 1
1 2 2 2 2 2 1
1 2 3 3 3 2 1
4 2 3 5 3 2 1
4 4 3 5 3 6 6
4 4 4 4 6 6 6
4 4 4 7 7 6 6

# level357
7
1 1 2 2 2 2 3
1 4 4 2 2 2 3
5 4 6 6 6 2 3
5 7 6 6 6 7 3
5 7 6 6 6 7 3
5 7 7 7 7 7 3
5 5 3 3 3 3 3

# level358
9
1 1 1 2 2 2 2 2 3
1 2 2 2 2 4 2 2 3
1 2 2 5 2 4 2 6 3
1 7 2 5 2 4 6 6 3
1 6 6 6 6 6 6 6 3
1 8 9 9 8 3 6 6 3
3 8 9 9 8 3 3 6 3
3 8 8 8 8 3 3 3 3
3 3 3 3 3 3 3 3 3

# level359
8
1 1 1 1 1 1 1 1
1 2 3 3 3 3 3 1
1 2 3 4 4 4 5 1
1 2 3 6 4 7 5 1
1 2 3 6 6 7 5 1
1 2 3 6 7 7 5 1
1 2 8 6 7 8 5 1
2 2 8 8 8 8 5 5

# level360
9
1 1 1 1 1 1 1 1 1
1 2 2 1 3 3 3 4 1
1 1 2 1 1 3 4 4 4
1 1 2 1 1 1 4 5 5
6 1 2 2 2 2 2 2 5
6 1 2 2 2 2 2 5 5
6 7 2 2 2 2 2 5 8
6 7 2 2 2 2 2 5 8
6 6 2 9 9 9 2 8 8

# level361
9
1 1 1 1 1 1 2 2 2
1 1 3 3 3 3 3 4 2
1 1 3 5 5 5 3 4 4
1 1 3 5 6 5 3 7 4
1 1 3 6 6 5 3 7 4
1 1 3 5 5 5 3 7 7
1 8 3 3 3 3 3 9 7
1 8 3 3 3 3 3 9 9
8 8 8 8 8 9 9 9 9

# level362
10
1 1 2 3 3 3 3 4 4 5
1 2 2 3 4 4 4 4 4 5
1 2 3 3 4 4 4 5 5 5
1 1 3 4 4 5 5 5 5 5
6 1 1 4 4 5 5 5 7 7
6 6 1 1 5 5 7 7 7 7
6 6 6 1 1 7 7 7 8 8
6 6 6 6 1 1 8 8 8 9
6 6 6 6 6 1 1 9 9 9
6 6 6 6 6 6 1 1 10 10

# level363
7
1 1 1 1 1 1 2
1 1 3 4 5 2 2
1 3 3 4 5 5 2
1 4 4 4 4 4 6
1 1 7 4 7 7 6
1 1 7 4 7 7 6
7 7 7 7 7 6 6

# level364
7
1 2 2 2 2 2 2
1 1 1 1 3 3 2
1 1 4 5 5 3 2
1 6 4 4 5 2 2
1 6 6 4 4 2 2
7 7 6 6 2 2 2
7 7 2 2 2 2 2

# level365
9
3 2 2 1 1 1 1 1 1
3 2 2 1 1 4 4 5 1
3 3 3 1 1 4 4 5 1
1 1 1 1 1 4 5 5 1
1 1 1 1 1 1 1 1 1
1 6 7 7 1 1 1 1 1
1 6 6 7 1 1 8 8 8
1 6 7 7 1 1 8 9 8
1 1 1 1 1 1 8 9 8

# level366
10
1 1 1 1 1 1 1 1 1 1
1 1 1 1 2 1 1 1 1 1
1 1 1 1 2 1 3 1 1 1
1 1 1 4 2 5 3 1 1 1
1 1 1 4 2 5 3 1 1 1
1 1 6 6 6 6 6 6 1 1
1 1 7 7 7 7 7 7 1 1
1 8 8 8 8 8 8 8 8 1
1 9 9 9 9 9 9 9 9 1
10 10 10 10 10 10 10 10 10 1

# level367
8
1 1 1 1 2 2 2 2
1 3 3 3 3 3 3 2
1 4 4 3 3 5 6 2
1 7 4 3 3 5 6 6
7 7 7 3 3 5 5 6
8 8 7 3 3 5 5 5
3 8 3 3 3 3 5 3
3 3 3 3 3 3 3 3

# level368
10
1 1 1 2 2 3 3 4 4 4
1 1 1 1 2 1 3 1 1 4
1 1 1 1 2 1 3 1 1 1
1 1 5 1 1 1 1 1 1 1
1 1 5 5 5 1 1 6 1 1
1 7 5 8 8 8 1 6 6 1
1 7 1 1 8 1 1 9 6 1
7 7 7 1 8 1 9 9 1 1
1 1 1 1 1 1 9 10 10 1
1 1 1 1 1 1 10 10 1 1

# level369
9
1 1 2 2 2 3 3 3 3
4 1 2 2 2 2 2 3 3
4 1 2 5 2 2 2 2 3
4 1 2 5 3 3 3 3 3
1 1 1 5 5 5 6 6 6
7 7 7 7 8 5 6 9 6
7 7 7 8 8 5 6 6 6
7 7 8 8 5 5 5 5 6
7 5 5 5 5 5 6 6 6

# level370
7
1 1 1 1 1 2 2
1 3 4 4 4 5 2
3 3 3 3 4 5 5
6 6 4 4 4 5 5
6 6 6 6 4 5 5
6 6 4 4 4 5 7
6 6 6 5 5 5 7

# level371
8
1 1 1 1 1 1 1 1
2 2 3 3 1 1 4 1
2 1 1 3 3 4 4 1
2 5 1 1 6 6 4 1
7 5 1 1 6 6 1 1
7 5 5 1 1 8 8 1
7 1 1 1 8 8 1 1
7 1 1 1 1 1 1 1

# level372
8
1 2 2 3 3 3 3 3
2 2 2 2 3 3 3 3
4 2 2 3 3 5 5 3
4 4 4 3 5 5 5 5
4 6 6 6 6 5 5 7
6 6 8 8 6 6 7 7
6 8 8 8 8 6 6 6
6 6 8 8 6 6 6 6

# level373
8
1 2 1 3 3 3 3 3
1 2 1 4 4 4 4 3
1 1 1 4 4 4 3 3
5 1 5 4 6 7 7 7
5 1 5 6 6 7 8 7
5 5 5 6 6 7 8 7
5 5 5 5 5 7 8 7
5 5 5 5 5 7 8 7

# level374
8
1 1 1 1 2 2 2 3
1 1 1 2 2 3 3 3
1 4 4 4 5 5 5 3
1 4 6 4 5 7 5 3
1 4 6 4 5 7 5 8
1 4 4 4 5 7 5 8
1 1 1 1 1 8 8 8
1 1 1 1 1 1 1 8

# level375
10
1 2 2 2 2 2 2 2 2 2
1 1 2 1 1 3 2 2 2 3
3 1 1 1 4 3 3 3 3 3
3 4 4 4 4 3 5 3 6 3
3 3 3 3 3 3 5 3 6 3
3 3 3 3 3 3 3 3 3 3
3 3 3 3 3 3 3 3 3 7
8 3 9 3 10 3 7 3 7 7
8 3 9 3 10 3 7 3 7 7
8 9 9 10 10 7 7 7 7 7

# level376
9
1 1 2 3 3 3 4 4 4
1 5 2 2 6 3 4 5 4
1 5 2 6 6 7 7 5 4
1 5 5 6 5 7 5 5 4
1 1 5 6 5 7 5 8 8
1 1 5 5 5 5 5 8 8
9 1 5 5 9 5 5 9 9
9 9 9 5 9 5 9 9 9
9 9 9 9 9 9 9 9 9

# level377
7
1 1 1 1 1 1 2
1 3 3 4 5 1 2
1 3 4 4 5 1 2
1 3 4 6 5 1 2
1 6 6 6 5 2 2
1 1 1 1 1 2 7
2 2 2 2 2 2 7

# level378
7
1 2 2 2 2 2 2
1 3 3 3 3 2 2
1 1 1 1 3 3 3
1 4 1 1 1 5 3
4 4 1 6 5 5 3
7 4 6 6 6 5 3
4 4 4 6 5 5 5

# level379
8
1 1 1 1 2 2 2 2
1 3 3 3 3 3 3 2
1 3 3 3 3 3 3 4
1 1 5 3 3 4 4 4
1 1 5 3 3 4 4 4
6 1 5 3 3 7 8 4
6 1 5 3 3 7 8 8
6 6 5 5 5 7 7 8

# level380
8
1 1 1 2 2 2 2 2
1 3 3 1 2 4 4 2
1 3 1 1 2 2 4 2
1 1 1 5 5 2 2 6
5 5 5 5 6 6 6 6
5 7 5 5 6 6 8 6
5 7 7 5 6 8 8 6
5 5 5 6 6 6 6 6

# level381
8
1 1 1 1 1 1 1 1
1 1 2 3 3 3 1 4
1 1 2 5 5 5 4 4
1 1 2 5 6 5 7 7
8 1 2 5 6 5 7 8
8 1 2 5 6 5 7 8
8 8 2 2 2 2 8 8
8 8 8 8 8 8 8 8

# level382
9
1 1 2 2 2 3 3 4 4
1 1 5 1 1 3 3 1 4
1 1 5 1 1 1 1 1 4
6 1 1 1 7 7 7 1 4
6 6 6 1 7 6 7 1 8
6 9 6 6 9 6 7 1 8
6 9 6 6 9 6 7 1 8
6 9 9 9 9 6 8 8 8
6 6 6 6 6 6 6 6 6

# level383
9
1 1 1 1 1 1 1 1 1
1 1 2 2 2 1 1 3 1
1 2 2 4 5 5 3 3 3
1 2 4 4 6 5 5 3 5
1 2 7 6 6 6 5 5 5
1 2 7 7 6 5 5 8 5
1 2 2 9 9 9 8 8 8
1 9 2 2 2 9 9 8 9
1 9 9 9 9 9 9 9 9

# level384
8
1 1 1 1 2 2 2 2
3 3 3 3 3 3 3 2
4 4 5 5 5 5 3 6
4 3 3 3 3 5 3 6
4 3 7 3 3 5 3 6
4 3 7 5 5 5 3 6
8 3 3 3 3 3 3 6
8 8 8 8 8 8 6 6

# level385
8
1 2 2 2 2 3 3 3
1 2 2 2 2 2 2 2
1 2 2 4 2 2 2 2
2 2 2 4 4 4 2 2
2 2 2 5 5 4 2 2
2 5 5 5 6 6 2 7
2 2 2 2 2 6 2 7
8 8 8 2 6 6 2 7

# level386
9
1 1 1 1 1 2 3 3 3
1 1 1 1 1 2 2 2 3
1 1 1 1 4 5 2 3 3
1 1 4 4 4 5 5 5 3
1 1 6 4 7 8 5 3 3
1 6 6 6 8 8 8 3 3
1 1 9 6 8 3 3 3 3
1 9 9 9 3 3 3 3 3
1 1 1 9 3 3 3 3 3

# level387
9
1 1 1 1 1 1 1 1 1
1 1 1 1 2 1 1 1 1
1 1 1 3 4 5 5 1 1
1 1 3 3 4 4 5 1 1
6 6 4 7 7 4 5 1 1
6 4 4 7 4 4 4 8 8
4 4 4 4 4 4 4 4 8
4 4 4 4 4 4 9 4 8
4 4 4 4 4 4 9 9 9

# level388
9
1 1 1 1 1 1 1 1 1
1 1 2 3 3 3 4 4 4
1 2 2 5 3 4 4 4 4
1 2 5 5 3 6 6 4 4
1 2 5 7 7 7 6 6 4
1 2 5 5 7 6 6 4 4
1 2 2 5 7 6 8 4 4
1 2 2 9 9 9 8 8 4
1 1 2 2 9 8 8 4 4

# level389
10
1 1 2 3 3 3 4 5 5 5
1 6 2 3 7 3 4 4 8 5
1 6 2 3 7 7 7 4 8 5
1 6 3 3 9 9 7 4 8 5
1 6 3 6 9 7 7 8 8 5
1 6 6 6 9 8 8 8 5 5
1 1 1 1 9 9 9 9 5 10
10 10 10 10 10 10 10 9 5 10
10 5 5 5 5 5 5 5 5 10
10 10 10 10 10 10 10 10 10 10

# level390
9
1 1 1 2 2 3 3 3 3
1 3 2 2 3 3 4 3 3
1 3 2 3 3 4 4 3 3
3 3 3 3 3 4 5 3 3
6 3 3 3 3 4 5 5 5
6 6 3 3 3 3 3 5 7
6 6 8 3 3 3 3 3 7
8 8 8 8 3 3 3 3 7
9 9 9 9 9 3 3 7 7

# level391
8
1 1 1 1 2 3 3 3
4 4 2 2 2 2 2 3
4 2 2 2 2 2 2 3
4 2 2 2 2 2 5 5
6 6 2 2 2 2 5 5
7 6 6 2 2 2 2 5
7 7 2 2 2 2 2 8
7 2 2 2 8 8 8 8

# level392
8
1 1 1 1 1 1 1 1
1 2 1 1 1 1 3 1
1 2 1 1 1 1 3 1
1 2 4 1 1 5 3 1
1 1 4 6 7 5 1 1
1 1 1 6 7 1 1 1
1 1 1 6 7 8 8 8
1 1 1 6 8 8 8 8

# level393
8
1 1 1 1 1 1 1 1
1 1 2 1 3 1 1 1
1 2 2 1 3 3 1 1
1 1 1 4 4 3 3 1
1 5 5 4 4 1 1 1
1 1 5 5 6 7 7 1
1 8 6 5 6 7 6 1
8 8 6 6 6 6 6 6

# level394
8
1 1 2 2 2 3 3 3
1 1 1 2 3 3 3 3
1 4 4 4 3 5 3 3
1 1 4 6 3 5 5 7
1 1 6 6 3 5 7 7
1 1 1 6 8 8 8 7
1 1 1 1 1 8 1 1
1 1 1 1 1 1 1 1

# level395
9
1 1 1 2 2 2 2 2 2
1 2 2 2 2 2 2 2 2
2 2 3 4 3 3 3 3 2
2 3 3 4 3 3 3 5 2
2 2 3 3 3 3 3 2 2
2 3 3 3 3 3 6 7 7
2 2 3 3 3 6 6 7 7
8 8 8 8 8 9 9 9 9
8 8 8 8 8 8 8 9 9

# level396
9
1 1 1 1 1 1 1 1 1
1 1 2 1 1 1 3 4 4
1 2 2 2 1 3 3 3 4
1 1 2 5 5 5 3 6 4
1 1 1 1 5 6 6 6 4
1 1 7 5 5 5 8 6 4
1 7 7 7 9 8 8 8 4
1 4 7 4 9 9 8 4 4
1 4 4 4 4 4 4 4 4

# level397
9
1 1 1 1 1 1 1 2 2
1 3 3 3 3 3 3 3 2
4 3 5 5 5 5 5 3 2
4 3 5 3 3 3 5 3 2
4 3 5 3 6 6 6 3 2
4 3 3 3 6 3 3 3 7
4 4 3 6 6 8 8 3 7
9 3 3 3 3 8 3 3 7
9 9 9 9 3 8 3 7 7

# level398
7
1 1 1 2 2 2 3
1 4 1 5 5 2 3
1 1 1 5 5 2 3
6 6 1 6 7 2 3
6 6 6 6 7 2 3
7 7 7 7 7 2 3
3 3 3 3 3 3 3

# level399
8
1 1 1 1 2 2 3 3
1 1 4 1 2 2 3 3
1 1 4 1 2 4 3 5
1 1 4 1 4 4 5 5
4 4 4 4 4 4 5 5
6 6 7 7 5 5 5 5
6 6 7 7 5 5 5 5
6 8 7 5 5 5 5 5

# level400
8
1 1 1 1 1 2 2 1
1 3 3 3 2 2 2 1
1 3 3 3 2 4 2 1
1 3 3 3 2 2 2 1
1 1 1 5 5 1 1 1
1 6 1 1 1 1 6 1
7 6 6 6 6 6 6 8
7 7 7 8 8 8 8 8

# level401
8
1 1 2 2 2 3 3 3
1 4 2 2 4 4 4 3
1 4 4 4 4 4 4 3
1 5 4 4 4 4 4 6
5 5 4 4 4 4 4 6
5 7 4 4 4 4 4 6
5 7 4 4 4 8 4 6
7 7 7 8 8 8 8 6

# level402
9
1 1 2 2 2 2 2 2 3
4 1 5 5 5 5 2 2 3
1 1 1 5 5 5 5 3 3
6 6 6 7 7 5 5 3 3
6 8 6 6 7 5 5 5 3
6 8 6 7 7 7 5 3 3
6 8 8 8 8 8 9 9 3
6 8 8 8 8 8 8 9 3
8 8 8 8 8 8 9 9 9

# level403
9
1 1 2 2 2 2 2 2 2
1 3 3 4 4 4 5 5 2
3 3 4 4 6 4 4 5 5
3 4 4 4 6 4 4 4 5
3 4 7 7 7 4 4 4 5
3 4 4 4 4 4 4 4 5
3 8 4 4 4 4 4 9 5
3 8 8 4 4 4 9 9 5
3 3 8 8 8 8 5 5 5

# level404
8
1 1 1 1 1 1 1 2
1 3 3 4 4 4 1 2
1 3 5 5 5 4 1 2
1 3 6 7 5 4 1 2
8 3 6 7 7 4 1 2
8 3 6 6 6 6 1 2
8 3 3 3 1 1 1 2
8 8 2 2 2 2 2 2

# level405
8
1 1 1 1 1 1 1 1
1 2 1 1 1 1 3 1
2 2 4 5 5 6 3 3
7 4 4 5 5 6 6 7
7 4 5 5 5 5 5 7
7 7 7 5 5 7 7 7
8 7 7 7 7 7 7 8
8 8 8 8 8 8 8 8

# level406
8
1 1 1 2 3 4 4 4
1 2 2 2 3 4 3 4
1 1 1 2 3 4 3 4
3 3 3 3 3 3 3 3
3 5 3 3 3 3 3 3
6 5 6 3 3 7 7 7
6 5 6 3 3 8 8 7
6 6 6 3 3 7 7 7

# level407
9
1 1 1 2 2 2 2 2 2
1 3 1 2 2 2 2 2 2
1 3 4 4 4 2 2 2 2
1 3 5 5 4 6 6 6 2
1 3 4 4 4 7 7 6 2
1 3 4 8 8 6 6 6 2
1 1 4 4 4 9 9 6 1
1 1 1 1 1 6 6 6 1
1 1 1 1 1 1 1 1 1

# level408
9
1 2 1 3 3 3 3 3 3
1 2 1 3 4 4 4 4 3
1 1 1 5 5 5 4 4 3
6 6 1 5 4 4 4 4 4
6 6 1 5 5 5 7 7 7
6 6 6 6 6 5 7 8 8
6 6 6 5 5 5 7 7 7
6 6 6 6 6 6 7 9 7
6 6 6 6 6 6 7 7 7

# level409
8
1 1 1 1 1 1 1 1
1 1 2 2 2 2 3 1
1 1 2 4 4 2 3 1
1 1 4 4 4 2 3 3
1 5 5 4 2 2 3 3
1 5 6 6 2 7 7 3
5 5 6 6 6 6 7 7
5 5 5 6 8 6 6 7

# level410
8
1 1 1 1 2 2 2 2
1 1 1 1 1 1 1 2
1 3 3 1 1 4 4 2
3 3 1 1 4 4 2 2
5 5 1 1 6 6 2 2
5 7 5 6 8 6 2 2
5 7 5 6 8 6 2 2
5 5 5 6 6 6 2 2

# level411
9
1 1 1 1 1 1 1 1 1
2 2 2 2 2 2 2 3 1
2 2 4 2 5 5 3 3 3
2 2 4 4 5 5 6 3 3
2 2 4 7 7 7 6 3 3
2 2 8 7 7 6 6 3 3
2 2 8 8 9 9 9 9 3
2 3 3 8 3 3 3 3 3
2 3 3 3 3 3 3 3 3

# level412
8
1 1 1 2 3 4 4 4
1 1 2 2 2 2 4 4
1 1 1 2 2 5 5 4
1 1 1 6 7 5 5 4
1 1 1 7 7 5 5 8
1 7 7 7 7 7 7 8
1 1 7 7 7 7 8 8
1 1 1 7 7 8 8 8

# level413
8
1 1 1 1 1 2 3 3
1 4 4 4 5 2 2 3
1 4 4 4 5 5 2 2
1 4 4 6 6 5 5 7
1 4 6 6 6 8 7 7
1 6 6 6 8 8 8 7
6 6 6 8 8 8 8 7
6 6 8 8 8 8 8 7

# level414
8
1 1 2 2 3 3 3 4
1 5 5 2 3 4 4 4
1 1 5 2 3 3 3 3
6 6 2 2 2 3 3 3
6 6 6 7 8 7 3 3
6 6 6 7 8 7 3 3
6 6 6 7 7 7 3 3
6 6 6 6 6 7 3 3

# level415
8
1 2 2 2 2 2 2 2
1 3 3 3 3 3 3 2
1 3 4 4 4 4 3 2
5 3 6 4 7 7 2 2
5 3 6 6 3 3 3 2
5 3 6 6 6 6 3 2
5 3 3 3 3 3 3 8
5 5 8 8 8 8 8 8

# level416
9
1 1 1 1 1 1 1 2 2
1 3 3 3 3 1 1 2 2
1 3 3 3 3 4 1 1 1
1 3 3 3 3 5 5 1 1
1 3 3 3 3 5 5 1 1
1 1 6 6 1 1 1 1 1
1 1 6 6 7 7 7 1 1
8 8 9 9 7 7 7 1 1
8 8 9 9 7 7 7 1 1

# level417
9
1 1 1 2 2 3 3 4 4
1 1 1 1 2 2 3 4 4
1 5 5 3 3 3 3 3 6
7 7 5 8 3 8 9 9 6
7 7 5 8 3 8 9 9 6
7 7 5 8 8 8 9 6 6
7 5 5 5 7 6 6 6 6
7 7 7 7 7 7 6 6 6
7 7 6 6 6 6 6 6 6

# level418
9
1 2 2 2 2 2 2 2 2
1 1 2 3 2 2 2 2 2
4 1 1 3 2 2 2 2 2
4 4 3 3 5 2 2 2 2
4 6 6 3 5 5 2 2 2
4 4 6 6 7 5 5 2 2
4 4 6 7 7 7 2 2 8
4 4 4 4 7 9 2 2 8
4 4 9 9 9 9 8 8 8

# level419
8
1 1 1 1 2 2 3 3
1 2 2 2 2 3 3 3
1 2 4 4 2 2 5 3
1 2 4 6 6 5 5 5
1 2 2 2 2 2 7 5
1 1 8 8 8 2 7 5
1 1 1 1 8 2 7 7
1 2 2 2 2 2 7 7

# level420
8
1 1 1 2 2 3 4 4
1 1 2 2 3 3 4 4
1 5 5 5 5 6 6 4
1 5 7 7 8 8 6 4
1 5 7 7 8 8 6 4
1 5 5 5 5 6 6 4
1 1 1 4 4 4 4 4
1 1 1 1 1 1 1 1

# level421
9
1 2 2 3 4 4 4 4 4
1 2 3 3 3 4 4 4 4
1 5 6 6 3 4 4 5 4
1 5 5 6 6 7 5 5 4
1 1 5 5 6 5 5 4 4
1 1 1 5 5 5 8 9 4
1 1 1 1 5 8 8 9 4
1 1 1 1 5 8 9 9 4
1 1 5 5 5 5 5 4 4

# level422
8
1 1 2 3 3 4 5 6
1 2 2 3 4 4 5 6
1 1 2 3 3 4 5 6
1 2 2 7 3 4 5 6
1 1 2 3 3 4 5 6
8 8 8 8 5 5 5 6
6 6 8 8 8 8 8 6
6 6 6 6 6 6 6 6

# level423
9
1 1 1 1 1 1 1 1 1
1 2 2 2 2 2 2 2 1
1 2 2 2 2 2 2 3 1
1 2 2 4 4 4 5 3 1
1 6 7 4 4 4 5 3 1
1 6 6 4 4 4 5 3 1
1 8 6 6 9 3 3 3 1
1 8 8 9 9 9 1 1 1
8 8 8 9 9 9 1 1 1

# level424
8
1 1 1 1 1 1 1 1
2 1 3 3 3 3 4 5
2 1 6 6 6 3 4 5
1 1 6 7 7 3 4 5
1 1 6 7 7 8 4 5
1 1 6 7 7 8 4 4
1 1 8 8 8 8 4 4
1 1 1 1 4 4 4 4

# level425
9
1 2 2 3 3 3 2 2 4
1 1 2 2 3 2 2 4 4
2 2 2 3 3 3 2 2 2
2 2 3 3 5 3 3 2 2
2 2 6 3 3 3 7 2 2
2 2 6 6 3 7 7 2 2
8 2 2 6 3 7 2 2 2
8 2 2 3 3 3 2 2 9
8 8 2 2 2 2 2 9 9

# level426
7
1 1 1 1 1 1 1
2 2 3 1 2 2 2
4 2 3 1 2 5 5
4 2 2 2 2 2 2
2 2 2 6 2 2 7
2 2 2 6 2 2 7
6 6 6 6 6 6 6

# level427
8
1 1 1 1 2 3 3 3
1 1 2 2 2 3 4 4
1 1 2 5 5 3 4 6
7 7 2 5 3 3 4 4
7 3 3 5 5 3 3 4
7 7 3 3 5 3 4 4
8 7 3 5 5 3 3 3
7 7 3 3 3 3 3 3

# level428
8
1 2 2 2 2 2 2 1
1 1 1 2 2 2 2 1
3 3 1 1 1 1 1 1
3 3 4 4 5 5 6 1
3 7 4 4 5 5 6 1
7 7 7 7 7 7 6 6
8 8 8 8 8 7 7 7
8 8 8 8 8 8 8 8

# level429
9
1 1 1 1 1 1 1 1 2
1 1 3 3 3 3 3 2 2
4 4 3 3 5 3 3 2 2
4 6 6 7 7 7 6 6 2
4 6 6 7 7 7 6 6 2
4 6 6 6 6 6 6 6 8
4 6 6 6 6 6 6 6 8
4 4 9 9 9 9 8 8 8
4 4 4 4 9 9 9 9 8

# level430
9
1 1 1 2 2 2 2 2 2
1 3 1 2 2 2 2 2 2
1 1 1 4 4 2 2 2 2
1 4 1 4 5 2 2 2 2
1 4 1 4 5 2 6 6 6
4 4 4 4 5 7 6 8 6
4 4 5 5 5 7 6 8 8
4 4 4 9 9 7 6 8 6
4 4 4 4 9 9 6 6 6

# level431
9
1 2 2 3 3 3 2 2 1
1 1 2 2 3 2 2 1 1
1 1 1 2 2 2 1 1 1
4 1 1 1 1 1 1 1 5
4 4 1 1 6 1 1 5 5
4 7 7 1 1 1 1 1 5
7 7 7 8 8 8 1 1 1
7 7 8 8 9 8 8 1 1
7 8 8 9 9 9 8 8 1

# level432
10
1 1 1 1 1 2 2 3 3 3
1 4 4 4 1 5 2 3 3 3
1 6 4 4 5 5 2 2 7 3
1 6 6 5 5 5 2 2 7 7
1 8 6 6 5 5 7 2 7 7
1 8 9 9 5 5 7 2 7 7
8 8 9 9 5 5 7 7 7 7
10 8 8 9 5 5 7 7 7 7
10 8 5 5 5 5 5 5 7 7
10 10 10 10 10 10 7 7 7 7

# level433
7
1 1 1 1 1 1 2
2 1 3 3 3 1 2
2 1 3 3 3 4 2
2 5 5 6 4 4 2
2 5 7 7 7 4 2
2 5 7 7 7 4 2
2 2 2 2 2 2 2

# level434
9
1 2 2 2 2 3 3 3 3
1 1 2 4 4 4 3 3 3
1 5 5 4 6 4 7 7 3
1 5 8 4 6 4 7 3 3
1 5 5 4 6 4 7 7 3
1 1 5 4 6 4 9 7 3
1 5 5 4 6 4 7 7 3
1 1 1 4 4 4 1 1 3
1 1 1 1 1 1 1 1 1

# level435
8
1 2 3 3 3 4 4 4
1 2 2 3 4 4 4 4
1 2 5 5 5 5 4 4
1 5 5 5 5 5 5 4
1 1 5 6 6 5 4 4
1 1 1 7 7 4 4 4
1 1 1 7 7 4 4 4
1 1 8 8 8 8 4 4

# level436
8
1 1 1 1 1 1 1 1
1 1 2 1 1 3 4 4
5 1 2 2 2 3 4 5
5 1 1 2 2 4 4 5
5 5 5 5 5 5 5 5
5 5 6 5 5 7 5 5
5 5 6 8 8 7 5 5
5 6 6 8 8 7 7 5

# level437
8
1 1 1 2 2 3 3 3
1 4 1 5 2 3 3 3
1 4 1 5 2 3 6 3
1 1 1 2 2 2 6 3
7 8 8 8 8 8 6 3
7 8 8 8 6 6 6 3
7 7 7 8 6 6 6 3
7 7 7 7 6 6 6 6

# level438
9
1 1 1 1 1 1 1 1 1
1 1 2 2 2 2 1 1 1
1 1 2 3 3 2 2 2 1
1 4 4 4 3 5 5 2 1
1 4 4 4 3 5 5 6 1
1 4 4 4 3 3 5 6 1
7 4 4 4 8 5 5 6 1
7 9 9 9 8 5 6 6 6
9 9 5 5 5 5 5 5 5

# level439
9
1 1 1 2 2 2 2 3 3
4 1 2 2 2 2 2 3 3
1 1 1 2 2 2 2 3 3
5 5 6 7 7 7 2 2 2
5 5 6 6 7 2 2 2 2
5 6 6 7 7 7 2 2 2
5 5 6 6 6 6 8 8 8
5 5 6 6 6 6 6 8 9
5 5 6 6 6 6 8 8 8

# level440
7
1 2 2 2 2 2 3
1 2 2 4 2 2 3
1 1 4 4 4 3 3
1 1 4 4 4 3 3
1 1 4 4 4 3 5
1 6 4 4 4 5 5
6 6 6 7 5 5 5

# level441
8
1 1 1 1 1 1 2 2
1 1 1 3 4 1 1 2
1 1 5 3 4 4 1 1
1 6 5 3 7 4 8 1
1 6 5 3 7 4 8 1
1 1 5 3 7 4 1 1
1 1 1 3 7 1 1 1
1 1 1 1 1 1 1 1

# level442
9
1 1 2 2 2 2 2 2 2
1 3 2 4 4 4 4 2 2
1 2 2 2 2 4 4 4 4
1 5 5 2 6 4 7 4 4
1 5 5 2 2 7 7 7 4
1 5 2 2 7 7 7 7 7
5 5 8 2 7 7 7 7 7
5 8 8 2 7 7 9 7 7
8 8 8 8 7 7 9 7 7

# level443
8
1 1 1 2 2 2 2 2
3 1 3 3 2 4 2 5
3 3 3 3 2 4 4 5
3 3 6 6 6 5 5 5
3 7 7 3 6 6 5 3
3 7 7 3 3 8 8 3
3 3 3 3 3 8 8 3
3 3 3 3 3 3 3 3

# level444
8
1 1 1 1 2 2 2 2
1 3 3 3 3 4 4 2
1 3 5 5 6 6 4 2
2 7 5 8 8 6 7 2
2 7 5 8 8 6 7 2
2 7 5 5 5 5 7 2
2 7 7 7 7 7 7 2
2 2 2 2 2 2 2 2

# level445
9
1 1 1 1 2 3 3 4 4
1 1 1 2 2 2 3 4 4
1 1 1 3 3 3 3 3 3
1 5 1 3 6 3 3 7 3
5 5 1 6 6 6 3 7 7
1 5 1 1 6 3 3 7 1
1 8 1 1 1 1 1 1 1
1 8 1 9 9 9 1 1 1
1 1 1 1 9 1 1 1 1

# level446
10
1 2 2 2 2 2 2 3 4 3
1 2 1 2 2 2 5 3 4 3
1 1 1 2 5 5 5 3 3 3
2 2 1 2 2 5 5 5 5 3
6 2 2 2 5 5 5 5 5 5
6 6 6 6 6 5 5 5 5 5
7 6 7 6 5 5 8 5 5 5
7 7 7 6 5 5 8 5 8 5
9 9 7 6 5 5 8 8 8 8
9 9 7 6 5 5 5 5 8 10

# level447
7
1 1 1 1 1 1 1
1 2 2 1 1 3 1
1 1 1 1 1 3 1
4 4 1 5 1 1 1
1 1 1 5 1 1 1
1 6 1 1 1 1 1
1 6 1 1 1 7 7

# level448
8
1 1 1 1 1 1 1 1
1 1 1 1 1 2 1 1
3 1 4 5 5 5 1 6
3 1 4 5 7 5 6 6
3 1 4 5 7 5 6 6
3 3 4 5 7 5 7 6
8 7 7 7 7 7 7 7
8 7 7 7 7 7 7 7

# level449
7
1 1 1 2 3 3 3
1 4 4 4 4 4 3
1 4 5 5 5 4 3
1 4 4 5 4 4 6
1 1 1 7 6 6 6
1 1 7 7 7 6 6
1 1 1 7 6 6 6

# level450
8
1 1 1 1 1 1 1 1
1 1 1 1 1 2 1 1
3 3 3 1 1 4 4 4
5 3 6 1 1 6 4 7
5 3 6 6 6 6 4 7
3 3 3 6 6 4 4 4
8 8 6 6 8 8 8 8
8 8 8 8 8 8 8 8

# level451
8
1 1 2 2 2 3 3 3
1 1 1 2 4 3 4 3
1 1 1 2 4 4 4 1
1 1 1 1 1 1 1 1
1 5 5 5 1 6 6 1
1 5 7 5 7 6 8 8
1 1 7 7 7 6 6 8
1 1 1 1 1 1 8 8

# level452
9
1 1 1 1 2 3 3 3 3
1 4 4 4 2 2 2 4 3
1 4 4 4 4 2 4 4 3
5 4 4 4 4 4 4 6 3
5 5 5 4 4 4 4 6 6
5 4 4 4 4 4 4 4 6
7 4 4 4 4 4 8 4 9
7 4 4 4 4 8 8 8 9
7 7 7 7 7 8 9 9 9

# level453
9
1 1 1 1 2 3 3 3 3
1 1 1 1 2 4 4 3 3
1 1 5 1 2 4 4 4 3
1 6 5 5 2 4 7 4 3
1 6 6 5 2 7 7 7 3
1 8 6 5 2 9 3 3 3
1 8 8 8 2 9 9 3 3
1 1 1 1 2 9 9 9 3
1 1 1 1 2 9 9 9 9

# level454
7
1 1 1 1 1 1 2
1 3 4 4 4 1 2
1 3 4 1 1 1 2
1 3 3 5 2 2 2
1 1 6 6 7 7 7
7 1 1 6 6 6 7
7 7 7 7 7 7 7

# level455
8
1 1 1 1 1 1 1 1
2 2 3 3 3 3 3 1
4 2 3 3 3 3 3 1
4 2 3 3 3 3 3 1
4 4 5 5 5 5 3 3
6 4 5 7 5 5 5 5
6 4 4 7 6 6 8 6
6 6 6 6 6 6 6 6

# level456
8
1 1 1 1 2 3 3 3
1 1 1 1 2 3 3 3
1 1 1 1 2 3 3 3
1 1 1 1 2 4 4 4
5 5 5 1 1 1 1 1
6 6 7 1 1 1 1 1
6 6 7 1 1 1 1 8
6 6 7 1 1 1 1 1

# level457
9
1 2 3 3 4 4 4 4 4
2 2 2 3 3 4 4 4 4
5 2 5 6 6 6 4 4 4
5 5 5 5 6 4 4 4 4
5 5 7 7 7 7 7 4 4
5 7 7 7 7 7 8 8 4
5 7 7 7 7 7 7 8 9
5 5 7 7 7 7 7 9 9
5 5 5 5 5 5 9 9 9

# level458
9
1 1 1 2 2 2 2 2 2
1 1 1 2 2 2 2 2 2
1 3 1 2 2 2 2 2 2
1 1 1 4 4 4 2 2 2
1 1 1 4 5 4 6 6 6
5 5 5 4 5 4 6 7 7
5 8 5 4 5 4 6 6 6
8 8 5 4 5 4 6 9 9
8 8 5 5 5 5 6 6 6

# level459
8
1 2 2 2 2 2 2 2
1 1 1 3 3 2 2 2
1 1 3 3 3 3 2 2
4 3 3 5 5 3 3 2
4 3 3 6 6 3 3 2
4 4 6 6 6 6 6 2
4 6 6 7 8 6 2 2
4 4 7 7 8 8 2 2

# level460
10
1 1 1 1 1 1 1 1 2 2
1 1 3 1 1 1 4 2 2 5
1 1 3 1 1 1 4 2 5 5
1 1 3 1 1 1 4 2 5 5
6 6 3 1 1 4 4 7 7 7
6 6 3 3 3 3 3 3 7 7
6 6 3 3 3 3 3 3 8 7
6 9 3 9 9 10 10 3 8 7
6 9 3 9 10 10 10 3 8 7
9 9 9 9 10 8 8 8 8 8

# level461
7
1 1 1 1 1 1 1
2 2 1 1 1 3 3
2 1 1 1 1 3 4
1 1 1 5 1 1 4
6 1 1 5 1 1 4
6 1 1 5 1 1 1
6 1 7 7 7 1 1

# level462
7
1 1 1 2 2 2 2
1 1 1 1 3 3 2
1 1 1 3 3 3 2
1 1 4 5 3 6 2
1 4 4 4 6 6 2
1 4 4 6 6 2 2
1 7 7 7 7 7 7

# level463
8
1 1 2 2 2 1 1 3
4 1 1 2 2 1 1 1
4 1 1 1 2 1 1 5
6 6 1 1 1 1 5 5
6 6 1 1 1 1 7 7
1 6 1 1 1 7 7 7
1 1 1 1 8 7 8 8
1 1 1 1 8 8 8 8

# level464
8
1 2 2 2 2 2 2 2
1 3 3 4 4 5 5 2
1 3 4 4 4 4 5 2
1 4 4 6 6 4 4 2
1 4 4 6 6 4 4 4
1 7 4 4 4 4 8 1
1 7 7 4 4 8 8 1
1 1 1 1 1 1 1 1

# level465
8
1 1 1 2 2 2 2 2
1 3 1 2 1 1 1 2
1 1 1 1 1 4 4 2
5 5 1 1 4 4 6 2
5 1 1 7 7 8 6 2
5 1 7 7 8 8 6 2
5 1 7 5 5 6 6 2
5 5 5 5 5 5 5 5

# level466
9
1 1 1 2 2 2 2 2 2
1 1 1 3 3 3 2 2 2
1 1 1 1 3 2 2 2 2
1 4 1 1 3 2 2 5 6
1 4 4 4 7 5 5 5 6
1 4 8 8 9 6 6 5 6
1 1 8 8 9 6 6 6 6
1 1 8 9 9 9 6 6 6
1 1 8 8 8 8 8 8 8

# level467
9
1 1 1 1 1 1 1 2 2
1 1 1 3 3 3 4 4 2
1 1 3 3 3 3 3 4 2
1 1 3 3 3 3 3 4 4
1 5 3 3 5 3 3 5 4
6 5 5 5 5 5 5 5 4
6 7 7 5 7 5 7 7 8
6 9 7 7 7 7 7 8 8
6 9 9 9 9 9 8 8 8
